[gd_scene load_steps=30 format=2]

[ext_resource path="res://Prototyping/Level.gd" type="Script" id=1]
[ext_resource path="res://Actors/Drill.tscn" type="PackedScene" id=2]
[ext_resource path="res://Objects/Pickup/TreasureGold.tscn" type="PackedScene" id=3]
[ext_resource path="res://Logic/TopdownCamera.tscn" type="PackedScene" id=4]
[ext_resource path="res://Actors/FishPath.tscn" type="PackedScene" id=5]
[ext_resource path="res://Prototyping/Collectibles.gd" type="Script" id=6]
[ext_resource path="res://LevelEditing.tres" type="Environment" id=7]
[ext_resource path="res://Objects/Pickup/Diamond.tscn" type="PackedScene" id=8]
[ext_resource path="res://Objects/Cliff/Cliff4.tscn" type="PackedScene" id=9]
[ext_resource path="res://Objects/Cable/Cable.tscn" type="PackedScene" id=10]
[ext_resource path="res://Objects/Pickup/TreasureGears.tscn" type="PackedScene" id=11]
[ext_resource path="res://Objects/Decoration/Algae.tscn" type="PackedScene" id=12]
[ext_resource path="res://Objects/Pickup/EnergyCrystal.tscn" type="PackedScene" id=13]
[ext_resource path="res://Objects/Decoration/BubbleSpawner.tscn" type="PackedScene" id=14]
[ext_resource path="res://Actors/Roller.tscn" type="PackedScene" id=15]
[ext_resource path="res://Logic/MouseDetectionLayer.tscn" type="PackedScene" id=16]
[ext_resource path="res://Assets/Models/Level1Base.tscn" type="PackedScene" id=17]
[ext_resource path="res://Objects/Cliff/Cliff1.tscn" type="PackedScene" id=18]
[ext_resource path="res://Objects/Cliff/Cliff3.tscn" type="PackedScene" id=19]
[ext_resource path="res://Objects/Cliff/Cliff2.tscn" type="PackedScene" id=20]
[ext_resource path="res://Effects/DiveStartCutscene.tscn" type="PackedScene" id=21]
[ext_resource path="res://Objects/Cliff/Cliff5_large.tscn" type="PackedScene" id=22]

[sub_resource type="Curve3D" id=10]
_data = {
"points": PoolVector3Array( 0, 0, 0, 0, 0, 0, -2.7894, 0, -29.8951, 0, 0, 0, 0, 0, 0, -1.45434, 0, -13.8209, 0, 0, 0, 0, 0, 0, -7.06161, 0, -5.06284, 0, 0, 0, 0, 0, 0, -4.28954, 0, 0.652113 ),
"tilts": PoolRealArray( 0, 0, 0, 0 )
}

[sub_resource type="Curve3D" id=5]
_data = {
"points": PoolVector3Array( 0, 0, 0, 0, 0, 0, 18.5842, 0, 0.0148958, 0, 0, 0, 0, 0, 0, 13.8744, 0, 6.32119, 0, 0, 0, 0, 0, 0, 12.2779, 0, 12.2683, 0, 0, 0, 0, 0, 0, 10.2822, 0, 16.8184, 0, 0, 0, 0, 0, 0, 10.6814, 0, 21.8075 ),
"tilts": PoolRealArray( 0, 0, 0, 0, 0 )
}

[sub_resource type="Curve3D" id=6]
_data = {
"points": PoolVector3Array( 0, 0, 0, 0, 0, 0, 24.4913, 0, -0.823281, 0, 0, 0, 0, 0, 0, 26.2076, 0, 4.88431, 0, 0, 0, 0, 0, 0, 24.2519, 0, 10.6717, 0, 0, 0, 0, 0, 0, 23.6532, 0, 16.4991, 0, 0, 0, 0, 0, 0, 24.9703, 0, 23.6036 ),
"tilts": PoolRealArray( 0, 0, 0, 0, 0 )
}

[sub_resource type="Curve3D" id=7]
_data = {
"points": PoolVector3Array( 0, 0, 0, 0, 0, 0, 18.7426, 0, 7.46815, 0, 0, 0, 0, 0, 0, 17.4936, 0, 11.215, 0, 0, 0, 0, 0, 0, 16.0275, 0, 16.6994, 0, 0, 0, 0, 0, 0, 13.5296, 0, 23.5957, 0, 0, 0, 0, 0, 0, 13.9097, 0, 25.8221 ),
"tilts": PoolRealArray( 0, 0, 0, 0, 0 )
}

[sub_resource type="Curve3D" id=8]
_data = {
"points": PoolVector3Array( 0, 0, 0, 0, 0, 0, 22.2722, 0, 8.06546, 0, 0, 0, 0, 0, 0, 20.4802, 0, 14.4187, 0, 0, 0, 0, 0, 0, 20.4802, 0, 20.7177, 0, 0, 0, 0, 0, 0, 20.6431, 0, 25.7678, 0, 0, 0, 0, 0, 0, 20.5888, 0, 28.7543 ),
"tilts": PoolRealArray( 0, 0, 0, 0, 0 )
}

[sub_resource type="BoxShape" id=2]
extents = Vector3( 99.1882, 0.0222201, 107.505 )

[sub_resource type="SphereShape" id=9]
radius = 4.32011

[node name="Level" type="Spatial"]
script = ExtResource( 1 )
player1_color = Color( 0.152941, 0.27451, 0.745098, 1 )
player2_color = Color( 0.843137, 0.215686, 0.215686, 1 )

[node name="Cable" parent="." instance=ExtResource( 10 )]

[node name="Player1" parent="." instance=ExtResource( 15 )]
transform = Transform( 1, 0, 0, 0, 1, 0, 0, 0, 1, -7.44705, 0, 45.4271 )

[node name="Player2" parent="." instance=ExtResource( 2 )]
transform = Transform( 1, 0, 0, 0, 1, 0, 0, 0, 1, -3.44705, 0, 45.4271 )

[node name="Level1Base" parent="." instance=ExtResource( 17 )]
__meta__ = {
"_edit_lock_": true
}

[node name="Objects" type="Spatial" parent="."]

[node name="Algae" parent="Objects" instance=ExtResource( 12 )]
transform = Transform( 0.993471, 0, 0.114088, 0, 1, 0, -0.114088, 0, 0.993471, -18.736, 1.90735e-06, 33.1498 )

[node name="Algae7" parent="Objects" instance=ExtResource( 12 )]
transform = Transform( 0.993471, 0, 0.114088, 0, 1, 0, -0.114088, 0, 0.993471, -10.0001, 3.33786e-06, 24.482 )

[node name="Algae8" parent="Objects" instance=ExtResource( 12 )]
transform = Transform( 0.993471, 0, 0.114088, 0, 1, 0, -0.114088, 0, 0.993471, 3.16165, 1.90735e-06, 30.7855 )

[node name="Algae9" parent="Objects" instance=ExtResource( 12 )]
transform = Transform( 0.993471, 0, 0.114088, 0, 1, 0, -0.114088, 0, 0.993471, -0.0031786, 0, 21.048 )

[node name="Algae10" parent="Objects" instance=ExtResource( 12 )]
transform = Transform( 0.993471, 0, 0.114088, 0, 1, 0, -0.114088, 0, 0.993471, -19.5968, 0, 13.3731 )

[node name="Algae11" parent="Objects" instance=ExtResource( 12 )]
transform = Transform( 0.993471, 0, 0.114088, 0, 1, 0, -0.114088, 0, 0.993471, -14.7597, 0, 5.35086 )

[node name="Algae25" parent="Objects" instance=ExtResource( 12 )]
transform = Transform( 0.993471, 0, 0.114088, 0, 1, 0, -0.114088, 0, 0.993471, -26.122, 0, -1.06889 )

[node name="Algae26" parent="Objects" instance=ExtResource( 12 )]
transform = Transform( 0.989147, 0, -0.146929, 0, 1, 0, 0.146929, 0, 0.989147, -22.5746, 4.76837e-07, 1.29565 )

[node name="Algae12" parent="Objects" instance=ExtResource( 12 )]
transform = Transform( 0.993471, 0, 0.114088, 0, 1, 0, -0.114088, 0, 0.993471, 14.0486, 1.90735e-06, 16.2408 )

[node name="Algae13" parent="Objects" instance=ExtResource( 12 )]
transform = Transform( 0.993471, 0, 0.114088, 0, 1, 0, -0.114088, 0, 0.993471, 13.1009, 1.90735e-06, 30.5297 )

[node name="Algae30" parent="Objects" instance=ExtResource( 12 )]
transform = Transform( 0.993471, 0, 0.114088, 0, 1, 0, -0.114088, 0, 0.993471, 23.737, 1.90735e-06, 22.2991 )

[node name="Algae31" parent="Objects" instance=ExtResource( 12 )]
transform = Transform( 0.993471, 0, 0.114088, 0, 1, 0, -0.114088, 0, 0.993471, 21.5471, 1.90735e-06, 13.6909 )

[node name="Algae32" parent="Objects" instance=ExtResource( 12 )]
transform = Transform( 0.993471, 0, 0.114088, 0, 1, 0, -0.114088, 0, 0.993471, 27.4896, 2.86102e-06, 14.3558 )

[node name="Algae33" parent="Objects" instance=ExtResource( 12 )]
transform = Transform( 0.993471, 0, 0.114088, 0, 1, 0, -0.114088, 0, 0.993471, 14.9891, 2.86102e-06, 23.546 )

[node name="Algae34" parent="Objects" instance=ExtResource( 12 )]
transform = Transform( 0.993471, 0, 0.114088, 0, 1, 0, -0.114088, 0, 0.993471, 25.6579, 2.86102e-06, 29.8416 )

[node name="Algae14" parent="Objects" instance=ExtResource( 12 )]
transform = Transform( 0.993471, 0, 0.114088, 0, 1, 0, -0.114088, 0, 0.993471, 4.94334, 0, 13.3503 )

[node name="Algae15" parent="Objects" instance=ExtResource( 12 )]
transform = Transform( 0.993471, 0, 0.114088, 0, 1, 0, -0.114088, 0, 0.993471, -5.41215, 1.90735e-06, 4.42766 )

[node name="Algae16" parent="Objects" instance=ExtResource( 12 )]
transform = Transform( 0.993471, 0, 0.114088, 0, 1, 0, -0.114088, 0, 0.993471, -9.08227, 1.90735e-06, 18.5015 )

[node name="Algae17" parent="Objects" instance=ExtResource( 12 )]
transform = Transform( 0.993471, 0, 0.114088, 0, 1, 0, -0.114088, 0, 0.993471, -6.66103, 1.90735e-06, 29.1884 )

[node name="Algae20" parent="Objects" instance=ExtResource( 12 )]
transform = Transform( 0.993471, 0, 0.114088, 0, 1, 0, -0.114088, 0, 0.993471, -3.62964, 1.90735e-06, 31.699 )

[node name="Algae21" parent="Objects" instance=ExtResource( 12 )]
transform = Transform( 0.993471, 0, 0.114088, 0, 1, 0, -0.114088, 0, 0.993471, -3.62964, 1.90735e-06, 31.699 )

[node name="Algae22" parent="Objects" instance=ExtResource( 12 )]
transform = Transform( 0.993471, 0, 0.114088, 0, 1, 0, -0.114088, 0, 0.993471, -3.66386, 1.90735e-06, 20.133 )

[node name="Algae23" parent="Objects" instance=ExtResource( 12 )]
transform = Transform( 0.94277, 0, 0.333445, 0, 1, 0, -0.333445, 0, 0.94277, -2.70572, 1.90735e-06, 19.9619 )

[node name="Algae24" parent="Objects" instance=ExtResource( 12 )]
transform = Transform( 0.882283, 0, -0.470719, 0, 1, 0, 0.470719, 0, 0.882283, -2.124, 1.90735e-06, 20.0645 )

[node name="Algae18" parent="Objects" instance=ExtResource( 12 )]
transform = Transform( 0.993471, 0, 0.114088, 0, 1, 0, -0.114088, 0, 0.993471, -22.6939, -1.90735e-06, 23.6702 )

[node name="Algae28" parent="Objects" instance=ExtResource( 12 )]
transform = Transform( 0.993471, 0, 0.114088, 0, 1, 0, -0.114088, 0, 0.993471, -28.0255, -1.90735e-06, 19.6674 )

[node name="Algae29" parent="Objects" instance=ExtResource( 12 )]
transform = Transform( 0.993471, 0, 0.114088, 0, 1, 0, -0.114088, 0, 0.993471, -31.5798, -1.90735e-06, 29.7095 )

[node name="Algae19" parent="Objects" instance=ExtResource( 12 )]
transform = Transform( 0.993471, 0, 0.114088, 0, 1, 0, -0.114088, 0, 0.993471, -16.9601, 0, 22.2842 )

[node name="Algae2" parent="Objects" instance=ExtResource( 12 )]
transform = Transform( 0.980727, 0, -0.195381, 0, 1, 0, 0.195381, 0, 0.980727, -3.79239, -9.53674e-07, -8.84642 )

[node name="Algae3" parent="Objects" instance=ExtResource( 12 )]
transform = Transform( 0.998978, 0, 0.0451886, 0, 1, 0, -0.0451886, 0, 0.998978, 6.31561, -1.90735e-06, -8.14274 )

[node name="Algae4" parent="Objects" instance=ExtResource( 12 )]
transform = Transform( 0.987879, 0, -0.155228, 0, 1, 0, 0.155228, 0, 0.987879, -1.82336, 0, -7.04278 )

[node name="Algae27" parent="Objects" instance=ExtResource( 12 )]
transform = Transform( 0.987879, 0, -0.155228, 0, 1, 0, 0.155228, 0, 0.987879, -0.823235, 0, -2.1739 )

[node name="Algae35" parent="Objects" instance=ExtResource( 12 )]
transform = Transform( 0.987879, 0, -0.155228, 0, 1, 0, 0.155228, 0, 0.987879, 34.6896, -1.90735e-06, -27.2838 )

[node name="Algae36" parent="Objects" instance=ExtResource( 12 )]
transform = Transform( 0.987879, 0, -0.155228, 0, 1, 0, 0.155228, 0, 0.987879, 40.6148, -1.90735e-06, -29.5134 )

[node name="Algae37" parent="Objects" instance=ExtResource( 12 )]
transform = Transform( 0.987879, 0, -0.155228, 0, 1, 0, 0.155228, 0, 0.987879, 44.2379, -1.90735e-06, -24.8519 )

[node name="Algae38" parent="Objects" instance=ExtResource( 12 )]
transform = Transform( 0.987879, 0, -0.155228, 0, 1, 0, 0.155228, 0, 0.987879, 46.6679, -1.90735e-06, -19.7357 )

[node name="Algae39" parent="Objects" instance=ExtResource( 12 )]
transform = Transform( 0.987879, 0, -0.155228, 0, 1, 0, 0.155228, 0, 0.987879, 37.0262, 0, -26.9613 )

[node name="Algae40" parent="Objects" instance=ExtResource( 12 )]
transform = Transform( 0.987879, 0, -0.155228, 0, 1, 0, 0.155228, 0, 0.987879, 42.1863, 0, -22.2531 )

[node name="Algae41" parent="Objects" instance=ExtResource( 12 )]
transform = Transform( 0.987879, 0, -0.155228, 0, 1, 0, 0.155228, 0, 0.987879, 41.0194, 9.53674e-07, -12.2393 )

[node name="Algae42" parent="Objects" instance=ExtResource( 12 )]
transform = Transform( 0.987879, 0, -0.155228, 0, 1, 0, 0.155228, 0, 0.987879, 47.039, 0, -17.3215 )

[node name="Algae43" parent="Objects" instance=ExtResource( 12 )]
transform = Transform( 0.987879, 0, -0.155228, 0, 1, 0, 0.155228, 0, 0.987879, 43.1895, 2.86102e-06, -19.3804 )

[node name="Algae44" parent="Objects" instance=ExtResource( 12 )]
transform = Transform( 0.987879, 0, -0.155228, 0, 1, 0, 0.155228, 0, 0.987879, 34.0496, 1.90735e-06, -35.2117 )

[node name="Algae45" parent="Objects" instance=ExtResource( 12 )]
transform = Transform( 0.987879, 0, -0.155228, 0, 1, 0, 0.155228, 0, 0.987879, 29.0979, 1.90735e-06, -30.2111 )

[node name="Algae5" parent="Objects" instance=ExtResource( 12 )]
transform = Transform( 1, 0, 0, 0, 1, 0, 0, 0, 1, 2.0321, 0, -1.84138 )

[node name="Algae46" parent="Objects" instance=ExtResource( 12 )]
transform = Transform( 1, 0, 0, 0, 1, 0, 0, 0, 1, -10.6529, 0, -18.4036 )

[node name="Algae6" parent="Objects" instance=ExtResource( 12 )]
transform = Transform( 0.999298, 0, -0.0374634, 0, 1, 0, 0.0374634, 0, 0.999298, 2.44564, 0, -5.08342 )

[node name="EnergyCrystal" parent="Objects" instance=ExtResource( 13 )]
transform = Transform( 1, 0, 0, 0, 1, 0, 0, 0, 1, -16.7037, -2.86102e-06, -14.1597 )

[node name="EnergyCrystal5" parent="Objects" instance=ExtResource( 13 )]
transform = Transform( 1, 0, 0, 0, 1, 0, 0, 0, 1, 7.45117, -2.86102e-06, 2.4444 )

[node name="EnergyCrystal6" parent="Objects" instance=ExtResource( 13 )]
transform = Transform( 1, 0, 0, 0, 1, 0, 0, 0, 1, 9.05589, -2.86102e-06, -8.48977 )

[node name="EnergyCrystal7" parent="Objects" instance=ExtResource( 13 )]
transform = Transform( 1, 0, 0, 0, 1, 0, 0, 0, 1, -30.2601, -2.86102e-06, -32.3453 )

[node name="EnergyCrystal8" parent="Objects" instance=ExtResource( 13 )]
transform = Transform( 1, 0, 0, 0, 1, 0, 0, 0, 1, -28.4059, -2.86102e-06, -34.5646 )

[node name="EnergyCrystal9" parent="Objects" instance=ExtResource( 13 )]
transform = Transform( 1, 0, 0, 0, 1, 0, 0, 0, 1, -41.8638, -2.86102e-06, -34.3822 )

[node name="EnergyCrystal10" parent="Objects" instance=ExtResource( 13 )]
transform = Transform( 1, 0, 0, 0, 1, 0, 0, 0, 1, -17.4001, -2.86102e-06, -50.8318 )

[node name="EnergyCrystal11" parent="Objects" instance=ExtResource( 13 )]
transform = Transform( 1, 0, 0, 0, 1, 0, 0, 0, 1, -50.4007, -2.86102e-06, 10.7421 )

[node name="EnergyCrystal12" parent="Objects" instance=ExtResource( 13 )]
transform = Transform( 1, 0, 0, 0, 1, 0, 0, 0, 1, -54.1723, -2.86102e-06, 6.95379 )

[node name="EnergyCrystal13" parent="Objects" instance=ExtResource( 13 )]
transform = Transform( 1, 0, 0, 0, 1, 0, 0, 0, 1, -50.2282, -2.86102e-06, 6.46415 )

[node name="EnergyCrystal4" parent="Objects" instance=ExtResource( 13 )]
transform = Transform( 1, 0, 0, 0, 1, 0, 0, 0, 1, -20.7827, -2.86102e-06, -2.86386 )

[node name="EnergyCrystal2" parent="Objects" instance=ExtResource( 13 )]
transform = Transform( 1, 0, 0, 0, 1, 0, 0, 0, 1, -13.0824, -2.86102e-06, 17.596 )

[node name="EnergyCrystal3" parent="Objects" instance=ExtResource( 13 )]
transform = Transform( 1, 0, 0, 0, 1, 0, 0, 0, 1, -14.6552, -2.86102e-06, 15.5356 )

[node name="BubbleSpawner" parent="Objects" instance=ExtResource( 14 )]
transform = Transform( 0.2366, 0, 0, 0, 0.2366, 0, 0, 0, 0.2366, 4.81804, 0, -9.14525 )

[node name="BubbleSpawner2" parent="Objects" instance=ExtResource( 14 )]
transform = Transform( 0.2366, 0, 0, 0, 0.2366, 0, 0, 0, 0.2366, -12.4664, 0, -4.88827 )

[node name="BubbleSpawner9" parent="Objects" instance=ExtResource( 14 )]
transform = Transform( 0.2366, 0, 0, 0, 0.2366, 0, 0, 0, 0.2366, -1.60886, 0, 6.52632 )

[node name="BubbleSpawner10" parent="Objects" instance=ExtResource( 14 )]
transform = Transform( 0.2366, 0, 0, 0, 0.2366, 0, 0, 0, 0.2366, -8.78663, 0, 6.94744 )

[node name="BubbleSpawner16" parent="Objects" instance=ExtResource( 14 )]
transform = Transform( 0.2366, 0, 0, 0, 0.2366, 0, 0, 0, 0.2366, 16.1688, 0, 18.633 )

[node name="BubbleSpawner17" parent="Objects" instance=ExtResource( 14 )]
transform = Transform( 0.2366, 0, 0, 0, 0.2366, 0, 0, 0, 0.2366, 25.226, 0, 18.0512 )

[node name="BubbleSpawner18" parent="Objects" instance=ExtResource( 14 )]
transform = Transform( 0.2366, 0, 0, 0, 0.2366, 0, 0, 0, 0.2366, 18.9185, 0, -4.85147 )

[node name="BubbleSpawner13" parent="Objects" instance=ExtResource( 14 )]
transform = Transform( 0.2366, 0, 0, 0, 0.2366, 0, 0, 0, 0.2366, -25.5255, 0, -32.4424 )

[node name="BubbleSpawner14" parent="Objects" instance=ExtResource( 14 )]
transform = Transform( 0.2366, 0, 0, 0, 0.2366, 0, 0, 0, 0.2366, -9.15557, 0, -32.45 )

[node name="BubbleSpawner15" parent="Objects" instance=ExtResource( 14 )]
transform = Transform( 0.2366, 0, 0, 0, 0.2366, 0, 0, 0, 0.2366, 3.73475, 0, -3.37843 )

[node name="BubbleSpawner19" parent="Objects" instance=ExtResource( 14 )]
transform = Transform( 0.2366, 0, 0, 0, 0.2366, 0, 0, 0, 0.2366, 39.9262, 0, -26.1519 )

[node name="BubbleSpawner20" parent="Objects" instance=ExtResource( 14 )]
transform = Transform( 0.2366, 0, 0, 0, 0.2366, 0, 0, 0, 0.2366, 38.5982, 0, -16.4915 )

[node name="BubbleSpawner11" parent="Objects" instance=ExtResource( 14 )]
transform = Transform( 0.2366, 0, 0, 0, 0.2366, 0, 0, 0, 0.2366, -29.6478, 0, 22.3202 )

[node name="BubbleSpawner12" parent="Objects" instance=ExtResource( 14 )]
transform = Transform( 0.2366, 0, 0, 0, 0.2366, 0, 0, 0, 0.2366, -23.2345, 1.90735e-06, 14.7982 )

[node name="BubbleSpawner4" parent="Objects" instance=ExtResource( 14 )]
transform = Transform( 0.2366, 0, 0, 0, 0.2366, 0, 0, 0, 0.2366, -2.33043, 0, -16.8281 )

[node name="BubbleSpawner5" parent="Objects" instance=ExtResource( 14 )]
transform = Transform( 0.2366, 0, 0, 0, 0.2366, 0, 0, 0, 0.2366, 2.497, 0, -13.872 )

[node name="BubbleSpawner6" parent="Objects" instance=ExtResource( 14 )]
transform = Transform( 0.2366, 0, 0, 0, 0.2366, 0, 0, 0, 0.2366, -8.08807, 0, -21.2125 )

[node name="BubbleSpawner7" parent="Objects" instance=ExtResource( 14 )]
transform = Transform( 0.2366, 0, 0, 0, 0.2366, 0, 0, 0, 0.2366, -2.04554, 0, -24.4957 )

[node name="BubbleSpawner8" parent="Objects" instance=ExtResource( 14 )]
transform = Transform( 0.2366, 0, 0, 0, 0.2366, 0, 0, 0, 0.2366, 5.21587, 0, -24.5756 )

[node name="BubbleSpawner3" parent="Objects" instance=ExtResource( 14 )]
transform = Transform( 0.2366, 0, 0, 0, 0.2366, 0, 0, 0, 0.2366, -5.52819, 9.53674e-07, -6.5547 )

[node name="Pivot" type="Spatial" parent="."]
__meta__ = {
"_editor_description_": "Tracks the controlled player on the ground"
}

[node name="TopdownCamera" parent="Pivot" instance=ExtResource( 4 )]
transform = Transform( 1, 0, 0, 0, 0.842903, 0.538065, 0, -0.538065, 0.842903, 0, 5.67633, 5.23851 )
current = true
far = 75.0
zoom_end = 12.0
zoom_min = 1.1

[node name="Collectibles" type="Node" parent="."]
script = ExtResource( 6 )

[node name="TreasureGold" parent="Collectibles" instance=ExtResource( 3 )]
transform = Transform( 1, 0, 0, 0, 1, 0, 0, 0, 1, 18.4522, 0, 10.6258 )
version = 3

[node name="TreasureGold2" parent="Collectibles" instance=ExtResource( 3 )]
transform = Transform( 1, 0, 0, 0, 1, 0, 0, 0, 1, 6.54007, -9.53674e-07, -14.4506 )
version = 3

[node name="TreasureGold3" parent="Collectibles" instance=ExtResource( 3 )]
transform = Transform( 0.998375, 0, 0, 0, 0.998375, 0, 0, 0, 0.998375, -21.081, -1.43051e-06, -16.2626 )
version = 4

[node name="TreasureGold8" parent="Collectibles" instance=ExtResource( 3 )]
transform = Transform( 0.998375, 0, 0, 0, 0.998375, 0, 0, 0, 0.998375, -39.1728, -1.43051e-06, -43.179 )
version = 4

[node name="TreasureGold4" parent="Collectibles" instance=ExtResource( 3 )]
transform = Transform( 0.998375, 0, 0, 0, 0.998375, 0, 0, 0, 0.998375, -40.0739, -1.43051e-06, 6.43232 )
version = 4

[node name="TreasureGold5" parent="Collectibles" instance=ExtResource( 3 )]
transform = Transform( 0.998375, 0, 0, 0, 0.998375, 0, 0, 0, 0.998375, -41.4229, 0.0564308, 10.9124 )
version = 3

[node name="TreasureGold6" parent="Collectibles" instance=ExtResource( 3 )]
transform = Transform( 0.998375, 0, 0, 0, 0.998375, 0, 0, 0, 0.998375, -34.5235, -2.38418e-06, 10.5935 )

[node name="TreasureGold7" parent="Collectibles" instance=ExtResource( 3 )]
transform = Transform( 0.694006, 0, -0.717711, 0, 0.998375, 0, 0.717711, 0, 0.694006, -40.7852, -4.29153e-06, 8.38553 )
version = 4

[node name="TreasureGears" parent="Collectibles" instance=ExtResource( 11 )]
transform = Transform( 1, 0, 0, 0, 1, 0, 0, 0, 1, -24.5388, -4.76837e-07, 0.21174 )

[node name="TreasureGears2" parent="Collectibles" instance=ExtResource( 11 )]
transform = Transform( 1, 0, 0, 0, 1, 0, 0, 0, 1, 8.16596, -4.76837e-07, -13.3794 )
version = 4

[node name="TreasureGears3" parent="Collectibles" instance=ExtResource( 11 )]
transform = Transform( 1, 0, 0, 0, 1, 0, 0, 0, 1, -13.9042, -4.76837e-07, -14.191 )

[node name="TreasureGears8" parent="Collectibles" instance=ExtResource( 11 )]
transform = Transform( 1, 0, 0, 0, 1, 0, 0, 0, 1, -14.7731, -4.76837e-07, -45.9699 )

[node name="TreasureGears4" parent="Collectibles" instance=ExtResource( 11 )]
transform = Transform( 1, 0, 0, 0, 1, 0, 0, 0, 1, -33.441, 0.0324998, 10.213 )

[node name="TreasureGears5" parent="Collectibles" instance=ExtResource( 11 )]
transform = Transform( -0.620984, 0, -0.783824, 0, 1, 0, 0.783824, 0, -0.620984, -42.252, -9.53674e-07, 6.43206 )
version = 2

[node name="TreasureGears6" parent="Collectibles" instance=ExtResource( 11 )]
transform = Transform( 1, 0, 0, 0, 1, 0, 0, 0, 1, -43.0197, -9.53674e-07, 8.01625 )
version = 3

[node name="TreasureGears7" parent="Collectibles" instance=ExtResource( 11 )]
transform = Transform( 1, 0, 0, 0, 1, 0, 0, 0, 1, -42.6223, -9.53674e-07, 9.07524 )
version = 4

[node name="MouseDetectionLayer" parent="." instance=ExtResource( 16 )]
transform = Transform( 1, 0, 0, 0, 1, 0, 0, 0, 1, -1.99728, 1.10036, 0 )
visible = false

[node name="WorldEnvironment" type="WorldEnvironment" parent="."]
environment = ExtResource( 7 )

[node name="FishPath" parent="." instance=ExtResource( 5 )]
curve = SubResource( 10 )
can_attack = true

[node name="FishPath2" parent="." instance=ExtResource( 5 )]
transform = Transform( 1, 0, 0, 0, 1, 0, 0, 0, 1, 0, 1, 0 )
curve = SubResource( 5 )
can_attack = true

[node name="FishPath3" parent="." instance=ExtResource( 5 )]
transform = Transform( 1, 0, 0, 0, 1, 0, 0, 0, 1, 0, 1, 0 )
curve = SubResource( 6 )
can_attack = true

[node name="FishPath4" parent="." instance=ExtResource( 5 )]
transform = Transform( 1, 0, 0, 0, 1, 0, 0, 0, 1, 0, 1, 0 )
curve = SubResource( 7 )
can_attack = true

[node name="FishPath5" parent="." instance=ExtResource( 5 )]
transform = Transform( 1, 0, 0, 0, 1, 0, 0, 0, 1, 0, 1, 0 )
curve = SubResource( 8 )
can_attack = true

[node name="Cliffs" type="Spatial" parent="."]

[node name="Cliff1" parent="Cliffs" instance=ExtResource( 18 )]
transform = Transform( -0.338459, 0, -0.940981, 0, 1, 0, 0.940981, 0, -0.338459, -20.0312, -4.76837e-06, -13.2155 )

[node name="Cliff6" parent="Cliffs" instance=ExtResource( 18 )]
transform = Transform( -0.587111, 0, 0.809506, 0, 1, 0, -0.809506, 0, -0.587111, 7.37634, -4.76837e-06, 29.7508 )

[node name="Cliff11" parent="Cliffs" instance=ExtResource( 18 )]
transform = Transform( -0.437817, 0, -0.899064, 0, 1, 0, 0.899064, 0, -0.437817, 48.22, -6.67572e-06, -13.0547 )

[node name="Cliff5" parent="Cliffs" instance=ExtResource( 18 )]
transform = Transform( -0.420265, 0, -0.907401, 0, 1, 0, 0.907401, 0, -0.420265, -12.6554, 0.0542393, 24.9646 )

[node name="Cliff2" parent="Cliffs" instance=ExtResource( 20 )]
transform = Transform( 0.686225, 0.000100531, -0.72739, -0.000113262, 1, 3.13551e-05, 0.72739, 6.08692e-05, 0.686225, -30.0579, 0.0894651, 40.9781 )

[node name="Cliff7" parent="Cliffs" instance=ExtResource( 20 )]
transform = Transform( 0.824294, 0, -0.566162, 0, 1, 0, 0.566162, 0, 0.824294, -12.3809, 9.53674e-07, 12.7561 )

[node name="Cliff3" parent="Cliffs" instance=ExtResource( 19 )]
transform = Transform( -0.0917938, 0, -1.2551, 0, 1.25845, 0, 1.2551, 0, -0.0917938, -24.9611, -2.86102e-06, -19.2111 )

[node name="Cliff10" parent="Cliffs" instance=ExtResource( 19 )]
transform = Transform( 0.849975, 0, -0.526824, 0, 1, 0, 0.526824, 0, 0.849975, -10.5239, -0.915325, -26.0008 )

[node name="Cliff14" parent="Cliffs" instance=ExtResource( 19 )]
transform = Transform( 0.849975, 0, -0.526824, 0, 1, 0, 0.526824, 0, 0.849975, -32.9896, -0.915325, -30.8365 )

[node name="Cliff15" parent="Cliffs" instance=ExtResource( 19 )]
transform = Transform( 0.849975, 0, -0.526824, 0, 1, 0, 0.526824, 0, 0.849975, -24.2596, -0.589712, -12.6032 )

[node name="Cliff12" parent="Cliffs" instance=ExtResource( 19 )]
transform = Transform( 0.414392, 0, 0.910099, 0, 1, 0, -0.910099, 0, 0.414392, 11.9516, 0.119888, -1.43969 )

[node name="Cliff13" parent="Cliffs" instance=ExtResource( 19 )]
transform = Transform( 0.414392, 0, 0.910099, 0, 1, 0, -0.910099, 0, 0.414392, 28.9454, 0.0234053, 35.3347 )

[node name="Cliff8" parent="Cliffs" instance=ExtResource( 19 )]
transform = Transform( 1.33354, 0, -0.104632, 0, 1, 0, 0.140303, 0, 0.99451, -20.898, -0.915333, 4.99798 )

[node name="CliffNew" parent="Cliffs" instance=ExtResource( 9 )]
transform = Transform( 0.677081, 0, -0.735908, 0, 1, 0, 0.735908, 0, 0.677081, 7.30044, 0, -18.6146 )

[node name="CliffNew4" parent="Cliffs" instance=ExtResource( 9 )]
transform = Transform( 0.677081, 0, -0.735908, 0, 1, 0, 0.735908, 0, 0.677081, 2.08725, -1.90735e-06, -32.7159 )

[node name="CliffNew3" parent="Cliffs" instance=ExtResource( 9 )]
transform = Transform( 0.999963, 0, -0.00855201, 0, 1, 0, 0.00855201, 0, 0.999963, -26.3212, 0, -38.4007 )

[node name="CliffNew2" parent="Cliffs" instance=ExtResource( 9 )]
transform = Transform( 1.10083, 0, -0.471588, 0, 1.50164, 0, 0.471588, 0, 1.10083, 40.166, 0, -36.7608 )

[node name="Cliff9" parent="Cliffs" instance=ExtResource( 22 )]
transform = Transform( -0.184243, 0, 0.982881, 0, 1, 0, -0.982881, 0, -0.184243, 13.4074, -3.8147e-06, 14.3803 )

[node name="GroundCollision" type="StaticBody" parent="."]

[node name="CollisionShape" type="CollisionShape" parent="GroundCollision"]
shape = SubResource( 2 )

[node name="DiveStartCutscene" parent="." instance=ExtResource( 21 )]
transform = Transform( 1, 0, 0, 0, 1, 0, 0, 0, 1, -5.44705, 0, 45.4271 )

[node name="Point1" type="Camera" parent="DiveStartCutscene"]
transform = Transform( 0.419785, 0, -0.907624, 0, 1, 0, 0.907624, 0, 0.419785, 37.2973, 3.12208, -60.7893 )

[node name="Point2" type="Camera" parent="DiveStartCutscene"]
transform = Transform( -0.85512, 0, 0.51843, 0, 1, 0, -0.51843, 0, -0.85512, 29.7726, 8.49234, -47.0862 )

[node name="Point3" type="Camera" parent="DiveStartCutscene"]
transform = Transform( -0.918515, 0.0181013, 0.394971, 0, 0.998951, -0.0457813, -0.395385, -0.0420509, -0.917552, 11.9339, 8.22862, -27.4567 )

[node name="StaticBody" type="StaticBody" parent="."]
collision_layer = 64
collision_mask = 64

[node name="CollisionPolygon" type="CollisionPolygon" parent="StaticBody"]
transform = Transform( 1, 0, 0, 0, -4.37114e-08, 1, 0, -1, -4.37114e-08, 6.73406, 0, -2.81422 )
depth = 10.0
polygon = PoolVector2Array( -44.1648, 7.8731, -36.9282, -1.67518, -35.9231, -11.2235, -39.9434, -18.7616, -46.8785, -24.9931, -42.2551, -31.8277, -39.4409, -24.189, -36.3251, -18.058, -33.5109, -10.9219, -33.4104, -3.88636, -37.7323, 4.95836, -40.446, 8.57666 )

[node name="CollisionPolygon2" type="CollisionPolygon" parent="StaticBody"]
transform = Transform( 1, 0, 0, 0, -4.37114e-08, 1, 0, -1, -4.37114e-08, 6.73406, 0, -2.81422 )
depth = 10.0
polygon = PoolVector2Array( -42.3321, -32.036, -44.0473, -39.9064, -41.1338, -47.6968, -38.5369, -51.3071, -30.4931, -55.804, -21.4992, -58.6542, -9.78179, -60.8077, -0.027853, -59.0342, 9.70197, -57.5263, 21.4827, -50.1158, 26.6764, -37.9551, 25.9797, -21.7407, 21.6313, -5.73706, 29.1668, -7.21459, 34.2173, -29.5531, 27.4207, -58.1433, -10.6116, -65.61, -39.202, -58.2962, -52.5829, -41.8717, -50.8837, -33.7453 )

[node name="CollisionPolygon3" type="CollisionPolygon" parent="StaticBody"]
transform = Transform( 1, 0, 0, 0, -4.37114e-08, 1, 0, -1, -4.37114e-08, 6.73406, 0, -2.81422 )
depth = 10.0
polygon = PoolVector2Array( 21.6229, -5.68461, 15.704, 7.02194, 6.4185, 22.3893, -1.56382, 30.4259, 5.92978, 28.3624, 10.2739, 19.6199, 14.3465, 13.1037, 17.9304, 6.47893, 22.1659, -0.634571, 25.6412, -3.56685 )

[node name="CollisionPolygon4" type="CollisionPolygon" parent="StaticBody"]
transform = Transform( 1, 0, 0, 0, -4.37114e-08, 1, 0, -1, -4.37114e-08, 6.73406, 0, -2.81422 )
depth = 10.0
polygon = PoolVector2Array( -1.4946, 30.3081, -15.3647, 38.6503, -29.6369, 40.4595, -39.7882, 35.1325, -44.0096, 25.0817, -40.0898, 9.60344, -40.6928, 8.49785, -46.8238, 10.2065, -47.6279, 24.1771, -44.4116, 29.0015, -41.5974, 35.7356, -41.1954, 41.3641, -28.3303, 45.0829, -26.0186, 41.9671, -19.7871, 40.359, -14.9627, 41.4646, -0.992062, 34.63 )

[node name="CollisionPolygon5" type="CollisionPolygon" parent="StaticBody"]
transform = Transform( 1, 0, 0, 0, -4.37114e-08, 1, 0, -1, -4.37114e-08, 6.73406, 0, -2.81422 )
depth = 10.0
polygon = PoolVector2Array( -48.079, 25.3991, -52.2593, 24.829, -54.3494, 26.5391, -53.7793, 30.9094, -52.8926, 33.6963, -52.8926, 39.0166, -51.0558, 43.8936, -48.269, 45.477, -44.9755, 45.0336, -41.9986, 43.0068, -40.7952, 40.4733, -41.8719, 34.4563, -44.9755, 27.8692, -46.7489, 26.0958, -44.0887, 27.2992, -41.0486, 34.393, -39.0218, 42.3735, -43.0753, 45.9837, -51.3725, 46.9337, -54.7927, 39.4599, -55.2994, 29.8327, -55.1728, 23.1189, -47.889, 23.3089, -45.2288, 25.7791, -46.8122, 26.3491 )

[node name="CloseToEelDialog" type="Area" parent="."]
transform = Transform( 1.23078, -0.0947068, 0.105219, 0.120163, 0.99525, -0.0115628, -0.13444, 0.0225334, 0.952936, 20.5816, 1.75542, 34.7681 )

[node name="CollisionShape" type="CollisionShape" parent="CloseToEelDialog"]
shape = SubResource( 9 )

[node name="Diamond" parent="." instance=ExtResource( 8 )]
transform = Transform( 1, 0, 0, 0, 1, 0, 0, 0, 1, 38.1261, 0, -18.5226 )

[connection signal="body_entered" from="CloseToEelDialog" to="." method="_on_CloseToEelDialog_body_entered"]
