[gd_scene load_steps=36 format=2]

[ext_resource path="res://Prototyping/Level.gd" type="Script" id=1]
[ext_resource path="res://Actors/Drill.tscn" type="PackedScene" id=2]
[ext_resource path="res://Objects/Pickup/TreasureGold.tscn" type="PackedScene" id=3]
[ext_resource path="res://Logic/TopdownCamera.tscn" type="PackedScene" id=4]
[ext_resource path="res://Actors/FishPath.tscn" type="PackedScene" id=5]
[ext_resource path="res://Prototyping/Collectibles.gd" type="Script" id=6]
[ext_resource path="res://Logic/Ubershader.tscn" type="PackedScene" id=7]
[ext_resource path="res://Objects/Pickup/Diamond.tscn" type="PackedScene" id=8]
[ext_resource path="res://Objects/Cliff/Cliff4.tscn" type="PackedScene" id=9]
[ext_resource path="res://Objects/Cable/Cable.tscn" type="PackedScene" id=10]
[ext_resource path="res://Objects/Pickup/TreasureGears.tscn" type="PackedScene" id=11]
[ext_resource path="res://Objects/Decoration/Algae.tscn" type="PackedScene" id=12]
[ext_resource path="res://Objects/Pickup/EnergyCrystal.tscn" type="PackedScene" id=13]
[ext_resource path="res://Objects/Decoration/BubbleSpawner.tscn" type="PackedScene" id=14]
[ext_resource path="res://Actors/Roller.tscn" type="PackedScene" id=15]
[ext_resource path="res://Logic/MouseDetectionLayer.tscn" type="PackedScene" id=16]
[ext_resource path="res://Assets/Models/Level1Base.tscn" type="PackedScene" id=17]
[ext_resource path="res://Objects/Cliff/Cliff1.tscn" type="PackedScene" id=18]
[ext_resource path="res://Objects/Cliff/Cliff3.tscn" type="PackedScene" id=19]
[ext_resource path="res://Objects/Cliff/Cliff2.tscn" type="PackedScene" id=20]
[ext_resource path="res://Effects/DiveStartCutscene.tscn" type="PackedScene" id=21]
[ext_resource path="res://Objects/Cliff/Cliff5_large.tscn" type="PackedScene" id=22]
[ext_resource path="res://Objects/Cliff/Wall.tscn" type="PackedScene" id=23]
[ext_resource path="res://Objects/Decoration/AlgaeB.tscn" type="PackedScene" id=24]
[ext_resource path="res://Objects/Decoration/Anemone.tscn" type="PackedScene" id=25]
[ext_resource path="res://Objects/Cliff/StonePillarA.tscn" type="PackedScene" id=26]
[ext_resource path="res://Objects/Cliff/StonePillarB.tscn" type="PackedScene" id=27]
[ext_resource path="res://Actors/FishBuddy.tscn" type="PackedScene" id=28]

[sub_resource type="Curve3D" id=10]
_data = {
"points": PoolVector3Array( 0, 0, 0, 0, 0, 0, 3.19795, 0, -15.5929, 0, 0, 0, 0, 0, 0, -5.83582, 0, -18.085, 0, 0, 0, 0, 0, 0, -9.94774, 0, -12.5401, 0, 0, 0, 0, 0, 0, -2.16001, 0, -6.30994 ),
"tilts": PoolRealArray( 0, 0, 0, 0 )
}

[sub_resource type="Curve3D" id=11]
_data = {
"points": PoolVector3Array( 0, 0, 0, 0, 0, 0, 17.1374, 0, -28.6441, 0, 0, 0, 0, 0, 0, 12.3297, 0, -21.5216, 0, 0, 0, 0, 0, 0, 17.7785, 0, -16.144, 0, 0, 0, 0, 0, 0, 15.6417, 0, -9.5557, 0, 0, 0, 0, 0, 0, 20.5919, 0, -3.67961 ),
"tilts": PoolRealArray( 0, 0, 0, 0, 0 )
}

[sub_resource type="Curve3D" id=6]
_data = {
"points": PoolVector3Array( 0, 0, 0, 0, 0, 0, 24.4913, 0, -0.823281, 0, 0, 0, 0, 0, 0, 26.2076, 0, 4.88431, 0, 0, 0, 0, 0, 0, 24.2519, 0, 10.6717, 0, 0, 0, 0, 0, 0, 23.6532, 0, 16.4991, 0, 0, 0, 0, 0, 0, 24.9703, 0, 23.6036 ),
"tilts": PoolRealArray( 0, 0, 0, 0, 0 )
}

[sub_resource type="Curve3D" id=7]
_data = {
"points": PoolVector3Array( 0, 0, 0, 0, 0, 0, 18.7426, 0, 7.46815, 0, 0, 0, 0, 0, 0, 17.4936, 0, 11.215, 0, 0, 0, 0, 0, 0, 16.0275, 0, 16.6994, 0, 0, 0, 0, 0, 0, 13.5296, 0, 23.5957, 0, 0, 0, 0, 0, 0, 13.9097, 0, 25.8221 ),
"tilts": PoolRealArray( 0, 0, 0, 0, 0 )
}

[sub_resource type="Curve3D" id=8]
_data = {
"points": PoolVector3Array( 0, 0, 0, 0, 0, 0, 22.2722, 0, 8.06546, 0, 0, 0, 0, 0, 0, 20.4802, 0, 14.4187, 0, 0, 0, 0, 0, 0, 20.4802, 0, 20.7177, 0, 0, 0, 0, 0, 0, 20.6431, 0, 25.7678, 0, 0, 0, 0, 0, 0, 20.5888, 0, 28.7543 ),
"tilts": PoolRealArray( 0, 0, 0, 0, 0 )
}

[sub_resource type="BoxShape" id=2]
extents = Vector3( 99.1882, 0.0222201, 107.505 )

[sub_resource type="SphereShape" id=9]
radius = 4.32011

[node name="Level" type="Spatial"]
script = ExtResource( 1 )
player1_color = Color( 0.152941, 0.27451, 0.745098, 1 )
player2_color = Color( 0.843137, 0.215686, 0.215686, 1 )

[node name="Cable" parent="." instance=ExtResource( 10 )]

[node name="Player1" parent="." instance=ExtResource( 15 )]
transform = Transform( 1, 0, 0, 0, 1, 0, 0, 0, 1, -7.44705, 0, 45.4271 )

[node name="Player2" parent="." instance=ExtResource( 2 )]
transform = Transform( 1, 0, 0, 0, 1, 0, 0, 0, 1, -3.44705, 0, 45.4271 )

[node name="Level1Base" parent="." instance=ExtResource( 17 )]
__meta__ = {
"_edit_lock_": true
}

[node name="Objects" type="Spatial" parent="."]

[node name="Algae" parent="Objects" instance=ExtResource( 12 )]
transform = Transform( 0.993471, 0, 0.114088, 0, 1, 0, -0.114088, 0, 0.993471, -18.1523, 1.90735e-06, 38.2327 )

[node name="Algae7" parent="Objects" instance=ExtResource( 12 )]
transform = Transform( 0.993471, 0, 0.114088, 0, 1, 0, -0.114088, 0, 0.993471, -10.0001, 3.33786e-06, 24.482 )

[node name="Algae8" parent="Objects" instance=ExtResource( 12 )]
transform = Transform( 0.993471, 0, 0.114088, 0, 1, 0, -0.114088, 0, 0.993471, 15.0243, 1.36424e-12, 50.9863 )

[node name="Algae51" parent="Objects" instance=ExtResource( 12 )]
transform = Transform( 0.993471, 0, 0.114088, 0, 1, 0, -0.114088, 0, 0.993471, 35.9837, 1.36424e-12, 43.6624 )

[node name="Algae52" parent="Objects" instance=ExtResource( 12 )]
transform = Transform( 0.993471, 0, 0.114088, 0, 1, 0, -0.114088, 0, 0.993471, 47.3977, 1.90735e-06, 48.2282 )

[node name="Algae62" parent="Objects" instance=ExtResource( 12 )]
transform = Transform( 0.993471, 0, 0.114088, 0, 1, 0, -0.114088, 0, 0.993471, 68.1666, 1.90735e-06, 20.8455 )

[node name="Algae63" parent="Objects" instance=ExtResource( 12 )]
transform = Transform( 0.993471, 0, 0.114088, 0, 1, 0, -0.114088, 0, 0.993471, 56.8229, 1.90735e-06, 16.6291 )

[node name="Algae64" parent="Objects" instance=ExtResource( 12 )]
transform = Transform( 0.993471, 0, 0.114088, 0, 1, 0, -0.114088, 0, 0.993471, 41.1204, 1.90735e-06, 4.86229 )

[node name="Algae65" parent="Objects" instance=ExtResource( 12 )]
transform = Transform( 0.993471, 0, 0.114088, 0, 1, 0, -0.114088, 0, 0.993471, 45.4854, 1.90735e-06, 7.43267 )

[node name="Algae53" parent="Objects" instance=ExtResource( 12 )]
transform = Transform( 0.993471, 0, 0.114088, 0, 1, 0, -0.114088, 0, 0.993471, 61.3896, 1.90735e-06, 46.0011 )

[node name="Algae54" parent="Objects" instance=ExtResource( 12 )]
transform = Transform( 0.993471, 0, 0.114088, 0, 1, 0, -0.114088, 0, 0.993471, 72.2846, 1.90735e-06, 51.5752 )

[node name="Algae55" parent="Objects" instance=ExtResource( 12 )]
transform = Transform( 0.522722, 0, 0.852504, 0, 1, 0, -0.852504, 0, 0.522722, 75.7088, 1.90735e-06, 52.9734 )

[node name="Algae56" parent="Objects" instance=ExtResource( 12 )]
transform = Transform( 0.957863, 0, 0.287227, 0, 1, 0, -0.287227, 0, 0.957863, 73.3788, 1.90735e-06, 54.9539 )

[node name="Algae57" parent="Objects" instance=ExtResource( 12 )]
transform = Transform( 0.951396, 0, 0.307972, 0, 1, 0, -0.307972, 0, 0.951396, 71.6069, 1.90735e-06, 57.9079 )

[node name="Algae58" parent="Objects" instance=ExtResource( 12 )]
transform = Transform( 0.991728, 0, -0.128363, 0, 1, 0, 0.128363, 0, 0.991728, 75.4045, 1.90735e-06, 60.0628 )

[node name="Algae59" parent="Objects" instance=ExtResource( 12 )]
transform = Transform( 0.993471, 0, 0.114088, 0, 1, 0, -0.114088, 0, 0.993471, 78.2385, 1.90735e-06, 56.2254 )

[node name="Algae60" parent="Objects" instance=ExtResource( 12 )]
transform = Transform( 0.981976, 0, -0.189009, 0, 1, 0, 0.189009, 0, 0.981976, 78.2079, 1.90735e-06, 60.178 )

[node name="Algae66" parent="Objects" instance=ExtResource( 12 )]
transform = Transform( 0.981976, 0, -0.189009, 0, 1, 0, 0.189009, 0, 0.981976, 108.45, 1.90735e-06, 66.9802 )

[node name="Algae61" parent="Objects" instance=ExtResource( 12 )]
transform = Transform( 0.993471, 0, 0.114088, 0, 1, 0, -0.114088, 0, 0.993471, 75.067, 1.90735e-06, 56.5557 )

[node name="Algae9" parent="Objects" instance=ExtResource( 12 )]
transform = Transform( 0.993471, 0, 0.114088, 0, 1, 0, -0.114088, 0, 0.993471, -0.0031786, 0, 21.048 )

[node name="Algae10" parent="Objects" instance=ExtResource( 12 )]
transform = Transform( 0.993471, 0, 0.114088, 0, 1, 0, -0.114088, 0, 0.993471, -19.5968, 0, 13.3731 )

[node name="Algae50" parent="Objects" instance=ExtResource( 12 )]
transform = Transform( 0.993471, 0, 0.114088, 0, 1, 0, -0.114088, 0, 0.993471, -37.2338, 0, -1.15019 )

[node name="Algae11" parent="Objects" instance=ExtResource( 12 )]
transform = Transform( 0.993471, 0, 0.114088, 0, 1, 0, -0.114088, 0, 0.993471, -14.7597, 0, 5.35086 )

[node name="Algae25" parent="Objects" instance=ExtResource( 12 )]
transform = Transform( 0.993471, 0, 0.114088, 0, 1, 0, -0.114088, 0, 0.993471, -26.122, 0, -1.06889 )

[node name="Algae26" parent="Objects" instance=ExtResource( 12 )]
transform = Transform( 0.989147, 0, -0.146929, 0, 1, 0, 0.146929, 0, 0.989147, -22.5746, 4.76837e-07, 1.29565 )

[node name="Algae12" parent="Objects" instance=ExtResource( 12 )]
transform = Transform( 0.993471, 0, 0.114088, 0, 1, 0, -0.114088, 0, 0.993471, 8.59798, 1.90735e-06, 20.2243 )

[node name="Algae13" parent="Objects" instance=ExtResource( 12 )]
transform = Transform( 0.993471, 0, 0.114088, 0, 1, 0, -0.114088, 0, 0.993471, 13.1009, 1.90735e-06, 30.5297 )

[node name="Algae30" parent="Objects" instance=ExtResource( 12 )]
transform = Transform( 0.993471, 0, 0.114088, 0, 1, 0, -0.114088, 0, 0.993471, 23.737, 1.90735e-06, 22.2991 )

[node name="Algae31" parent="Objects" instance=ExtResource( 12 )]
transform = Transform( 0.993471, 0, 0.114088, 0, 1, 0, -0.114088, 0, 0.993471, 21.5471, 1.90735e-06, 13.6909 )

[node name="Algae32" parent="Objects" instance=ExtResource( 12 )]
transform = Transform( 0.993471, 0, 0.114088, 0, 1, 0, -0.114088, 0, 0.993471, 27.4896, 2.86102e-06, 14.3558 )

[node name="Algae33" parent="Objects" instance=ExtResource( 12 )]
transform = Transform( 0.993471, 0, 0.114088, 0, 1, 0, -0.114088, 0, 0.993471, 14.9891, 2.86102e-06, 23.546 )

[node name="Algae34" parent="Objects" instance=ExtResource( 12 )]
transform = Transform( 0.993471, 0, 0.114088, 0, 1, 0, -0.114088, 0, 0.993471, 25.6579, 2.86102e-06, 29.8416 )

[node name="Algae14" parent="Objects" instance=ExtResource( 12 )]
transform = Transform( 0.993471, 0, 0.114088, 0, 1, 0, -0.114088, 0, 0.993471, 6.18076, 0, 11.2466 )

[node name="Algae15" parent="Objects" instance=ExtResource( 12 )]
transform = Transform( 0.993471, 0, 0.114088, 0, 1, 0, -0.114088, 0, 0.993471, -5.41215, 1.90735e-06, 4.42766 )

[node name="Algae47" parent="Objects" instance=ExtResource( 12 )]
transform = Transform( 0.993471, 0, 0.114088, 0, 1, 0, -0.114088, 0, 0.993471, -11.7411, 1.90735e-06, -50.6846 )

[node name="Algae48" parent="Objects" instance=ExtResource( 12 )]
transform = Transform( 0.993471, 0, 0.114088, 0, 1, 0, -0.114088, 0, 0.993471, -42.9703, 1.90735e-06, -44.3899 )

[node name="Algae49" parent="Objects" instance=ExtResource( 12 )]
transform = Transform( 0.993471, 0, 0.114088, 0, 1, 0, -0.114088, 0, 0.993471, -37.2171, 1.90735e-06, -45.0506 )

[node name="Algae16" parent="Objects" instance=ExtResource( 12 )]
transform = Transform( 0.993471, 0, 0.114088, 0, 1, 0, -0.114088, 0, 0.993471, -9.08227, 1.90735e-06, 18.5015 )

[node name="Algae17" parent="Objects" instance=ExtResource( 12 )]
transform = Transform( 0.993471, 0, 0.114088, 0, 1, 0, -0.114088, 0, 0.993471, -6.66103, 1.90735e-06, 29.1884 )

[node name="Algae20" parent="Objects" instance=ExtResource( 12 )]
transform = Transform( 0.993471, 0, 0.114088, 0, 1, 0, -0.114088, 0, 0.993471, -3.62964, 1.90735e-06, 31.699 )

[node name="Algae21" parent="Objects" instance=ExtResource( 12 )]
transform = Transform( 0.993471, 0, 0.114088, 0, 1, 0, -0.114088, 0, 0.993471, -3.62964, 1.90735e-06, 31.699 )

[node name="Algae22" parent="Objects" instance=ExtResource( 12 )]
transform = Transform( 0.993471, 0, 0.114088, 0, 1, 0, -0.114088, 0, 0.993471, -3.66386, 1.90735e-06, 20.133 )

[node name="Algae23" parent="Objects" instance=ExtResource( 12 )]
transform = Transform( 0.94277, 0, 0.333445, 0, 1, 0, -0.333445, 0, 0.94277, -2.70572, 1.90735e-06, 19.9619 )

[node name="Algae24" parent="Objects" instance=ExtResource( 12 )]
transform = Transform( 0.882283, 0, -0.470719, 0, 1, 0, 0.470719, 0, 0.882283, -2.124, 1.90735e-06, 20.0645 )

[node name="Algae18" parent="Objects" instance=ExtResource( 12 )]
transform = Transform( 0.993471, 0, 0.114088, 0, 1, 0, -0.114088, 0, 0.993471, -22.6939, -1.90735e-06, 23.6702 )

[node name="Algae28" parent="Objects" instance=ExtResource( 12 )]
transform = Transform( 0.993471, 0, 0.114088, 0, 1, 0, -0.114088, 0, 0.993471, -28.0255, -1.90735e-06, 19.6674 )

[node name="Algae29" parent="Objects" instance=ExtResource( 12 )]
transform = Transform( 0.993471, 0, 0.114088, 0, 1, 0, -0.114088, 0, 0.993471, -31.5798, -1.90735e-06, 29.7095 )

[node name="Algae19" parent="Objects" instance=ExtResource( 12 )]
transform = Transform( 0.993471, 0, 0.114088, 0, 1, 0, -0.114088, 0, 0.993471, -16.9601, 0, 22.2842 )

[node name="Algae2" parent="Objects" instance=ExtResource( 12 )]
transform = Transform( 0.980727, 0, -0.195381, 0, 1, 0, 0.195381, 0, 0.980727, -3.79239, -9.53674e-07, -8.84642 )

[node name="Algae3" parent="Objects" instance=ExtResource( 12 )]
transform = Transform( 0.998978, 0, 0.0451886, 0, 1, 0, -0.0451886, 0, 0.998978, 6.31561, -1.90735e-06, -8.14274 )

[node name="Algae4" parent="Objects" instance=ExtResource( 12 )]
transform = Transform( 0.987879, 0, -0.155228, 0, 1, 0, 0.155228, 0, 0.987879, -1.82336, 0, -7.04278 )

[node name="Algae27" parent="Objects" instance=ExtResource( 12 )]
transform = Transform( 0.987879, 0, -0.155228, 0, 1, 0, 0.155228, 0, 0.987879, -0.823235, 0, -2.1739 )

[node name="Algae35" parent="Objects" instance=ExtResource( 12 )]
transform = Transform( 0.987879, 0, -0.155228, 0, 1, 0, 0.155228, 0, 0.987879, 34.6896, -1.90735e-06, -27.2838 )

[node name="Algae36" parent="Objects" instance=ExtResource( 12 )]
transform = Transform( 0.987879, 0, -0.155228, 0, 1, 0, 0.155228, 0, 0.987879, 40.6148, -1.90735e-06, -29.5134 )

[node name="Algae37" parent="Objects" instance=ExtResource( 12 )]
transform = Transform( 0.987879, 0, -0.155228, 0, 1, 0, 0.155228, 0, 0.987879, 44.2379, -1.90735e-06, -24.8519 )

[node name="Algae38" parent="Objects" instance=ExtResource( 12 )]
transform = Transform( 0.987879, 0, -0.155228, 0, 1, 0, 0.155228, 0, 0.987879, 46.6679, -1.90735e-06, -19.7357 )

[node name="Algae39" parent="Objects" instance=ExtResource( 12 )]
transform = Transform( 0.987879, 0, -0.155228, 0, 1, 0, 0.155228, 0, 0.987879, 37.0262, 0, -26.9613 )

[node name="Algae40" parent="Objects" instance=ExtResource( 12 )]
transform = Transform( 0.987879, 0, -0.155228, 0, 1, 0, 0.155228, 0, 0.987879, 42.1863, 0, -22.2531 )

[node name="Algae41" parent="Objects" instance=ExtResource( 12 )]
transform = Transform( 0.987879, 0, -0.155228, 0, 1, 0, 0.155228, 0, 0.987879, 41.0194, 9.53674e-07, -12.2393 )

[node name="Algae42" parent="Objects" instance=ExtResource( 12 )]
transform = Transform( 0.987879, 0, -0.155228, 0, 1, 0, 0.155228, 0, 0.987879, 43.7985, 0, -18.5398 )

[node name="Algae43" parent="Objects" instance=ExtResource( 12 )]
transform = Transform( 0.987879, 0, -0.155228, 0, 1, 0, 0.155228, 0, 0.987879, 56.4269, 2.86102e-06, -15.1687 )

[node name="Algae44" parent="Objects" instance=ExtResource( 12 )]
transform = Transform( 0.987879, 0, -0.155228, 0, 1, 0, 0.155228, 0, 0.987879, 34.0496, 1.90735e-06, -35.2117 )

[node name="Algae45" parent="Objects" instance=ExtResource( 12 )]
transform = Transform( 0.987879, 0, -0.155228, 0, 1, 0, 0.155228, 0, 0.987879, 29.0979, 1.90735e-06, -30.2111 )

[node name="Algae5" parent="Objects" instance=ExtResource( 12 )]
transform = Transform( 1, 0, 0, 0, 1, 0, 0, 0, 1, 2.0321, 0, -1.84138 )

[node name="Algae46" parent="Objects" instance=ExtResource( 12 )]
transform = Transform( 1, 0, 0, 0, 1, 0, 0, 0, 1, -10.6529, 0, -18.4036 )

[node name="Algae6" parent="Objects" instance=ExtResource( 12 )]
transform = Transform( 0.999298, 0, -0.0374634, 0, 1, 0, 0.0374634, 0, 0.999298, 2.44564, 0, -5.08342 )

[node name="EnergyCrystal" parent="Objects" instance=ExtResource( 13 )]
transform = Transform( 1, 0, 0, 0, 1, 0, 0, 0, 1, -16.7037, -2.86102e-06, -14.1597 )

[node name="EnergyCrystal5" parent="Objects" instance=ExtResource( 13 )]
transform = Transform( 1, 0, 0, 0, 1, 0, 0, 0, 1, 7.45117, -2.86102e-06, 2.4444 )

[node name="EnergyCrystal6" parent="Objects" instance=ExtResource( 13 )]
transform = Transform( 1, 0, 0, 0, 1, 0, 0, 0, 1, 9.05589, -2.86102e-06, -8.48977 )

[node name="EnergyCrystal7" parent="Objects" instance=ExtResource( 13 )]
transform = Transform( 1, 0, 0, 0, 1, 0, 0, 0, 1, -29.2371, -2.86102e-06, -27.634 )

[node name="EnergyCrystal8" parent="Objects" instance=ExtResource( 13 )]
transform = Transform( 1, 0, 0, 0, 1, 0, 0, 0, 1, -24.8702, -2.86102e-06, -35.9484 )

[node name="EnergyCrystal9" parent="Objects" instance=ExtResource( 13 )]
transform = Transform( 1, 0, 0, 0, 1, 0, 0, 0, 1, -41.8638, -2.86102e-06, -34.3822 )

[node name="EnergyCrystal10" parent="Objects" instance=ExtResource( 13 )]
transform = Transform( -0.824393, 0, -0.566018, 0, 1, 0, 0.566018, 0, -0.824393, -17.8696, -2.86102e-06, -50.5515 )

[node name="EnergyCrystal16" parent="Objects" instance=ExtResource( 13 )]
transform = Transform( -0.0748395, 0, -0.997196, 0, 1, 0, 0.997196, 0, -0.0748395, -18.5073, -2.86102e-06, -51.9767 )

[node name="EnergyCrystal17" parent="Objects" instance=ExtResource( 13 )]
transform = Transform( -0.471274, 0, -0.881987, 0, 1, 0, 0.881987, 0, -0.471274, -17.1637, -2.86102e-06, -52.0188 )

[node name="EnergyCrystal18" parent="Objects" instance=ExtResource( 13 )]
transform = Transform( 0.999874, 0, 0.0158992, 0, 1, 0, -0.0158992, 0, 0.999874, -14.127, -2.86102e-06, -53.9971 )

[node name="EnergyCrystal11" parent="Objects" instance=ExtResource( 13 )]
transform = Transform( 1, 0, 0, 0, 1, 0, 0, 0, 1, -50.4007, -2.86102e-06, 10.7421 )

[node name="EnergyCrystal12" parent="Objects" instance=ExtResource( 13 )]
transform = Transform( 1, 0, 0, 0, 1, 0, 0, 0, 1, -54.1723, -2.86102e-06, 6.95379 )

[node name="EnergyCrystal13" parent="Objects" instance=ExtResource( 13 )]
transform = Transform( 1, 0, 0, 0, 1, 0, 0, 0, 1, -50.2282, -2.86102e-06, 6.46415 )

[node name="EnergyCrystal4" parent="Objects" instance=ExtResource( 13 )]
transform = Transform( 1, 0, 0, 0, 1, 0, 0, 0, 1, -20.7827, -2.86102e-06, -2.86386 )

[node name="EnergyCrystal2" parent="Objects" instance=ExtResource( 13 )]
transform = Transform( 1, 0, 0, 0, 1, 0, 0, 0, 1, -13.0824, -2.86102e-06, 17.596 )

[node name="EnergyCrystal14" parent="Objects" instance=ExtResource( 13 )]
transform = Transform( 1, 0, 0, 0, 1, 0, 0, 0, 1, 34.1701, -2.86102e-06, 39.8183 )

[node name="EnergyCrystal19" parent="Objects" instance=ExtResource( 13 )]
transform = Transform( 1, 0, 0, 0, 1, 0, 0, 0, 1, 14.1902, -2.86102e-06, -6.17874 )

[node name="EnergyCrystal15" parent="Objects" instance=ExtResource( 13 )]
transform = Transform( 1, 0, 0, 0, 1, 0, 0, 0, 1, 66.6892, -6.67572e-06, 13.2616 )

[node name="EnergyCrystal3" parent="Objects" instance=ExtResource( 13 )]
transform = Transform( 1, 0, 0, 0, 1, 0, 0, 0, 1, -14.6552, -2.86102e-06, 15.5356 )

[node name="BubbleSpawner" parent="Objects" instance=ExtResource( 14 )]
transform = Transform( 0.2366, 0, 0, 0, 0.2366, 0, 0, 0, 0.2366, 4.81804, 0, -9.14525 )

[node name="BubbleSpawner2" parent="Objects" instance=ExtResource( 14 )]
transform = Transform( 0.2366, 0, 0, 0, 0.2366, 0, 0, 0, 0.2366, -12.4664, 0, -4.88827 )

[node name="BubbleSpawner9" parent="Objects" instance=ExtResource( 14 )]
transform = Transform( 0.2366, 0, 0, 0, 0.2366, 0, 0, 0, 0.2366, -1.60886, 0, 6.52632 )

[node name="BubbleSpawner10" parent="Objects" instance=ExtResource( 14 )]
transform = Transform( 0.2366, 0, 0, 0, 0.2366, 0, 0, 0, 0.2366, -8.78663, 0, 6.94744 )

[node name="BubbleSpawner28" parent="Objects" instance=ExtResource( 14 )]
transform = Transform( 0.2366, 0, 0, 0, 0.2366, 0, 0, 0, 0.2366, 53.0573, 3.8147e-06, 9.73851 )

[node name="BubbleSpawner29" parent="Objects" instance=ExtResource( 14 )]
transform = Transform( 0.2366, 0, 0, 0, 0.2366, 0, 0, 0, 0.2366, 62.1915, 3.8147e-06, -3.25038 )

[node name="BubbleSpawner30" parent="Objects" instance=ExtResource( 14 )]
transform = Transform( 0.2366, 0, 0, 0, 0.2366, 0, 0, 0, 0.2366, 63.8168, 0, -0.87588 )

[node name="BubbleSpawner31" parent="Objects" instance=ExtResource( 14 )]
transform = Transform( 0.2366, 0, 0, 0, 0.2366, 0, 0, 0, 0.2366, 60.3134, -3.8147e-06, -0.870772 )

[node name="BubbleSpawner32" parent="Objects" instance=ExtResource( 14 )]
transform = Transform( 0.2366, 0, 0, 0, 0.2366, 0, 0, 0, 0.2366, 68.5356, -3.8147e-06, 22.1384 )

[node name="BubbleSpawner33" parent="Objects" instance=ExtResource( 14 )]
transform = Transform( 0.2366, 0, 0, 0, 0.2366, 0, 0, 0, 0.2366, 46.8653, -7.62939e-06, 48.0289 )

[node name="BubbleSpawner34" parent="Objects" instance=ExtResource( 14 )]
transform = Transform( 0.2366, 0, 0, 0, 0.2366, 0, 0, 0, 0.2366, 73.1308, -7.62939e-06, 52.3634 )

[node name="BubbleSpawner35" parent="Objects" instance=ExtResource( 14 )]
transform = Transform( 0.2366, 0, 0, 0, 0.2366, 0, 0, 0, 0.2366, 77.271, -7.62939e-06, 54.8773 )

[node name="BubbleSpawner36" parent="Objects" instance=ExtResource( 14 )]
transform = Transform( 0.2366, 0, 0, 0, 0.2366, 0, 0, 0, 0.2366, 73.4257, -7.62939e-06, 58.0872 )

[node name="BubbleSpawner37" parent="Objects" instance=ExtResource( 14 )]
transform = Transform( 0.2366, 0, 0, 0, 0.2366, 0, 0, 0, 0.2366, 77.8121, -7.62939e-06, 60.225 )

[node name="BubbleSpawner38" parent="Objects" instance=ExtResource( 14 )]
transform = Transform( 0.2366, 0, 0, 0, 0.2366, 0, 0, 0, 0.2366, 89.6092, -7.62939e-06, 58.6296 )

[node name="BubbleSpawner16" parent="Objects" instance=ExtResource( 14 )]
transform = Transform( 0.2366, 0, 0, 0, 0.2366, 0, 0, 0, 0.2366, 16.1688, 0, 18.633 )

[node name="BubbleSpawner17" parent="Objects" instance=ExtResource( 14 )]
transform = Transform( 0.2366, 0, 0, 0, 0.2366, 0, 0, 0, 0.2366, 25.226, 0, 18.0512 )

[node name="BubbleSpawner18" parent="Objects" instance=ExtResource( 14 )]
transform = Transform( 0.2366, 0, 0, 0, 0.2366, 0, 0, 0, 0.2366, 18.9185, 0, -4.85147 )

[node name="BubbleSpawner13" parent="Objects" instance=ExtResource( 14 )]
transform = Transform( 0.2366, 0, 0, 0, 0.2366, 0, 0, 0, 0.2366, -25.5255, 0, -32.4424 )

[node name="BubbleSpawner14" parent="Objects" instance=ExtResource( 14 )]
transform = Transform( 0.2366, 0, 0, 0, 0.2366, 0, 0, 0, 0.2366, -9.15557, 0, -32.45 )

[node name="BubbleSpawner15" parent="Objects" instance=ExtResource( 14 )]
transform = Transform( 0.2366, 0, 0, 0, 0.2366, 0, 0, 0, 0.2366, 3.73475, 0, -3.37843 )

[node name="BubbleSpawner19" parent="Objects" instance=ExtResource( 14 )]
transform = Transform( 0.2366, 0, 0, 0, 0.2366, 0, 0, 0, 0.2366, 39.9262, 0, -26.1519 )

[node name="BubbleSpawner20" parent="Objects" instance=ExtResource( 14 )]
transform = Transform( 0.2366, 0, 0, 0, 0.2366, 0, 0, 0, 0.2366, 38.5982, 0, -16.4915 )

[node name="BubbleSpawner11" parent="Objects" instance=ExtResource( 14 )]
transform = Transform( 0.2366, 0, 0, 0, 0.2366, 0, 0, 0, 0.2366, -29.6478, 0, 22.3202 )

[node name="BubbleSpawner21" parent="Objects" instance=ExtResource( 14 )]
transform = Transform( 0.2366, 0, 0, 0, 0.2366, 0, 0, 0, 0.2366, -10.0574, 0, -50.2427 )

[node name="BubbleSpawner22" parent="Objects" instance=ExtResource( 14 )]
transform = Transform( 0.2366, 0, 0, 0, 0.2366, 0, 0, 0, 0.2366, -38.5345, 0, -44.6951 )

[node name="BubbleSpawner23" parent="Objects" instance=ExtResource( 14 )]
transform = Transform( 0.2366, 0, 0, 0, 0.2366, 0, 0, 0, 0.2366, -43.8592, 0, -39.9582 )

[node name="BubbleSpawner24" parent="Objects" instance=ExtResource( 14 )]
transform = Transform( 0.2366, 0, 0, 0, 0.2366, 0, 0, 0, 0.2366, -21.2497, 0, -17.252 )

[node name="BubbleSpawner25" parent="Objects" instance=ExtResource( 14 )]
transform = Transform( 0.2366, 0, 0, 0, 0.2366, 0, 0, 0, 0.2366, -35.7909, 0, -1.37346 )

[node name="BubbleSpawner26" parent="Objects" instance=ExtResource( 14 )]
transform = Transform( 0.2366, 0, 0, 0, 0.2366, 0, 0, 0, 0.2366, -42.0169, 0, 7.49248 )

[node name="BubbleSpawner27" parent="Objects" instance=ExtResource( 14 )]
transform = Transform( 0.2366, 0, 0, 0, 0.2366, 0, 0, 0, 0.2366, -50.8204, 0, 7.65346 )

[node name="BubbleSpawner12" parent="Objects" instance=ExtResource( 14 )]
transform = Transform( 0.2366, 0, 0, 0, 0.2366, 0, 0, 0, 0.2366, -23.2345, 1.90735e-06, 14.7982 )

[node name="BubbleSpawner4" parent="Objects" instance=ExtResource( 14 )]
transform = Transform( 0.2366, 0, 0, 0, 0.2366, 0, 0, 0, 0.2366, -2.33043, 0, -16.8281 )

[node name="BubbleSpawner5" parent="Objects" instance=ExtResource( 14 )]
transform = Transform( 0.2366, 0, 0, 0, 0.2366, 0, 0, 0, 0.2366, 2.497, 0, -13.872 )

[node name="BubbleSpawner6" parent="Objects" instance=ExtResource( 14 )]
transform = Transform( 0.2366, 0, 0, 0, 0.2366, 0, 0, 0, 0.2366, -8.08807, 0, -21.2125 )

[node name="BubbleSpawner7" parent="Objects" instance=ExtResource( 14 )]
transform = Transform( 0.2366, 0, 0, 0, 0.2366, 0, 0, 0, 0.2366, -2.04554, 0, -24.4957 )

[node name="BubbleSpawner8" parent="Objects" instance=ExtResource( 14 )]
transform = Transform( 0.2366, 0, 0, 0, 0.2366, 0, 0, 0, 0.2366, 5.21587, 0, -24.5756 )

[node name="BubbleSpawner3" parent="Objects" instance=ExtResource( 14 )]
transform = Transform( 0.2366, 0, 0, 0, 0.2366, 0, 0, 0, 0.2366, -5.52819, 9.53674e-07, -6.5547 )

[node name="Wall" parent="Objects" instance=ExtResource( 23 )]
transform = Transform( -0.869994, 0, -0.493062, 0, 1, 0, 0.493062, 0, -0.869994, -12.3169, -0.221054, -31.1845 )

[node name="Wall2" parent="Objects" instance=ExtResource( 23 )]
transform = Transform( 0.888472, 0, 0.458929, 0, 1, 0, -0.458929, 0, 0.888472, 41.6951, -0.221054, 51.6157 )

[node name="AlgaeB" parent="Objects" instance=ExtResource( 24 )]
transform = Transform( 0.74936, 0, 0.662162, 0, 1, 0, -0.662162, 0, 0.74936, -11.3811, 0, 33.7188 )

[node name="AlgaeB5" parent="Objects" instance=ExtResource( 24 )]
transform = Transform( 0.836353, 0, -0.548191, 0, 1, 0, 0.548191, 0, 0.836353, 41.0219, 0, -24.9926 )

[node name="AlgaeB6" parent="Objects" instance=ExtResource( 24 )]
transform = Transform( 0.48345, 0, -0.875372, 0, 1, 0, 0.875372, 0, 0.48345, 45.4847, 0, -22.1236 )

[node name="AlgaeB3" parent="Objects" instance=ExtResource( 24 )]
transform = Transform( 0.915015, 0, -0.756697, 0, 1.18737, 0, 0.756697, 0, 0.915015, 4.79001, 1.90735e-06, 32.1521 )

[node name="AlgaeB7" parent="Objects" instance=ExtResource( 24 )]
transform = Transform( 0.915015, 0, -0.756697, 0, 1.18737, 0, 0.756697, 0, 0.915015, 33.3086, 1.90735e-06, 37.4601 )

[node name="AlgaeB8" parent="Objects" instance=ExtResource( 24 )]
transform = Transform( 0.915015, 0, -0.756697, 0, 1.18737, 0, 0.756697, 0, 0.915015, 73.332, 1.90735e-06, 59.1893 )

[node name="AlgaeB9" parent="Objects" instance=ExtResource( 24 )]
transform = Transform( 0.915015, 0, -0.756697, 0, 1.18737, 0, 0.756697, 0, 0.915015, 77.1787, 1.90735e-06, 57.8154 )

[node name="AlgaeB10" parent="Objects" instance=ExtResource( 24 )]
transform = Transform( 0.915015, 0, -0.756697, 0, 1.18737, 0, 0.756697, 0, 0.915015, 77.6004, 1.90735e-06, 53.9888 )

[node name="AlgaeB11" parent="Objects" instance=ExtResource( 24 )]
transform = Transform( 0.915015, 0, -0.756697, 0, 1.18737, 0, 0.756697, 0, 0.915015, 74.1106, 1.90735e-06, 50.1673 )

[node name="AlgaeB12" parent="Objects" instance=ExtResource( 24 )]
transform = Transform( 0.915015, 0, -0.756697, 0, 1.18737, 0, 0.756697, 0, 0.915015, 70.9241, 1.90735e-06, 54.0204 )

[node name="AlgaeB13" parent="Objects" instance=ExtResource( 24 )]
transform = Transform( 0.915015, 0, -0.756697, 0, 1.18737, 0, 0.756697, 0, 0.915015, 77.653, 1.90735e-06, 62.2311 )

[node name="AlgaeB14" parent="Objects" instance=ExtResource( 24 )]
transform = Transform( 0.915015, 0, -0.756697, 0, 1.18737, 0, 0.756697, 0, 0.915015, 80.9214, 1.90735e-06, 56.9789 )

[node name="AlgaeB4" parent="Objects" instance=ExtResource( 24 )]
transform = Transform( 0.915015, 0, -0.756697, 0, 1.18737, 0, 0.756697, 0, 0.915015, -34.3464, 0, -0.202473 )

[node name="AlgaeB2" parent="Objects" instance=ExtResource( 24 )]
transform = Transform( 0.994751, 0, -0.102324, 0, 1, 0, 0.102324, 0, 0.994751, -12.9165, 0, 34.4804 )

[node name="Anemone" parent="Objects" instance=ExtResource( 25 )]
transform = Transform( 0.701817, 0, -0.712357, 0, 1, 0, 0.712357, 0, 0.701817, 3.00288, 1.90735e-06, 30.0866 )

[node name="Anemone2" parent="Objects" instance=ExtResource( 25 )]
transform = Transform( 0.701817, 0, -0.712357, 0, 1, 0, 0.712357, 0, 0.701817, 25.7445, 1.90735e-06, 38.7606 )

[node name="Anemone11" parent="Objects" instance=ExtResource( 25 )]
transform = Transform( 0.894353, 0, -0.907784, 0, 1.27434, 0, 0.907784, 0, 0.894353, 62.6362, 1.90735e-06, 29.5873 )

[node name="Anemone12" parent="Objects" instance=ExtResource( 25 )]
transform = Transform( 0.894353, 0, -0.907784, 0, 1.27434, 0, 0.907784, 0, 0.894353, 66.7467, 1.90735e-06, 9.56474 )

[node name="Anemone10" parent="Objects" instance=ExtResource( 25 )]
transform = Transform( 0.701817, 0, -0.712357, 0, 1, 0, 0.712357, 0, 0.701817, 37.4724, 1.90735e-06, 46.4982 )

[node name="Anemone3" parent="Objects" instance=ExtResource( 25 )]
transform = Transform( 0.701817, 0, -0.712357, 0, 1, 0, 0.712357, 0, 0.701817, 38.6065, 1.90735e-06, -5.83077 )

[node name="Anemone8" parent="Objects" instance=ExtResource( 25 )]
transform = Transform( 0.701817, 0, -0.712357, 0, 1, 0, 0.712357, 0, 0.701817, 53.096, 1.90735e-06, -14.6566 )

[node name="Anemone9" parent="Objects" instance=ExtResource( 25 )]
transform = Transform( 0.701817, 0, -0.712357, 0, 1, 0, 0.712357, 0, 0.701817, 57.9851, 1.90735e-06, -18.5866 )

[node name="Anemone4" parent="Objects" instance=ExtResource( 25 )]
transform = Transform( 0.701817, 0, -0.712357, 0, 1, 0, 0.712357, 0, 0.701817, -19.7407, 1.90735e-06, -33.9219 )

[node name="Anemone5" parent="Objects" instance=ExtResource( 25 )]
transform = Transform( 0.701817, 0, -0.712357, 0, 1, 0, 0.712357, 0, 0.701817, -9.24818, 1.90735e-06, -50.0124 )

[node name="Anemone6" parent="Objects" instance=ExtResource( 25 )]
transform = Transform( 0.701817, 0, -0.712357, 0, 1, 0, 0.712357, 0, 0.701817, -35.9196, 1.90735e-06, 0.960449 )

[node name="Anemone7" parent="Objects" instance=ExtResource( 25 )]
transform = Transform( 0.701817, 0, -0.712357, 0, 1, 0, 0.712357, 0, 0.701817, -33.743, 5.72205e-06, 33.0047 )

[node name="Pivot" type="Spatial" parent="."]
__meta__ = {
"_editor_description_": "Tracks the controlled player on the ground"
}

[node name="TopdownCamera" parent="Pivot" instance=ExtResource( 4 )]
transform = Transform( 1, 0, 0, 0, 0.842903, 0.538065, 0, -0.538065, 0.842903, 0, 5.67633, 5.23851 )
current = true
far = 75.0
zoom_end = 12.0
zoom_min = 1.1

[node name="Collectibles" type="Node" parent="."]
script = ExtResource( 6 )

[node name="TreasureGold" parent="Collectibles" instance=ExtResource( 3 )]
transform = Transform( 1, 0, 0, 0, 1, 0, 0, 0, 1, 16.848, 0, 5.57712 )
version = 3

[node name="TreasureGold12" parent="Collectibles" instance=ExtResource( 3 )]
transform = Transform( 0.213457, 0, -0.976953, 0, 1, 0, 0.976953, 0, 0.213457, 91.7508, 1.90735e-06, 59.6893 )
version = 3

[node name="TreasureGold19" parent="Collectibles" instance=ExtResource( 3 )]
transform = Transform( 0.213457, 0, -0.976953, 0, 1, 0, 0.976953, 0, 0.213457, -32.3592, 1.90735e-06, 41.6723 )
version = 3

[node name="TreasureGold13" parent="Collectibles" instance=ExtResource( 3 )]
transform = Transform( 0.213457, 0, -0.976953, 0, 1, 0, 0.976953, 0, 0.213457, 113.004, 1.90735e-06, 63.7513 )
version = 3

[node name="TreasureGold14" parent="Collectibles" instance=ExtResource( 3 )]
transform = Transform( 0.213457, 0, -0.976953, 0, 1, 0, 0.976953, 0, 0.213457, 111.14, 1.90735e-06, 64.1393 )
version = 3

[node name="TreasureGold15" parent="Collectibles" instance=ExtResource( 3 )]
transform = Transform( 0.213457, 0, -0.976953, 0, 1, 0, 0.976953, 0, 0.213457, 112.13, 0.00523853, 63.9229 )
version = 3

[node name="TreasureGold16" parent="Collectibles" instance=ExtResource( 3 )]
transform = Transform( 0.213457, 0, -0.976953, 0, 1, 0, 0.976953, 0, 0.213457, 111.588, 0.461972, 64.0412 )
version = 3

[node name="TreasureGold17" parent="Collectibles" instance=ExtResource( 3 )]
transform = Transform( 0.213457, 0, -0.976953, 0, 1, 0, 0.976953, 0, 0.213457, 112.626, 0.461972, 63.8145 )
version = 3

[node name="TreasureGold18" parent="Collectibles" instance=ExtResource( 3 )]
transform = Transform( 0.213457, 0, -0.976953, 0, 1, 0, 0.976953, 0, 0.213457, 112.21, 0.907818, 63.9055 )
version = 3

[node name="TreasureGold2" parent="Collectibles" instance=ExtResource( 3 )]
transform = Transform( 1, 0, 0, 0, 1, 0, 0, 0, 1, 6.54007, -9.53674e-07, -14.4506 )
version = 3

[node name="TreasureGold11" parent="Collectibles" instance=ExtResource( 3 )]
transform = Transform( -0.0195116, 0, -0.99981, 0, 1, 0, 0.99981, 0, -0.0195116, 29.9494, -9.53674e-07, -4.21408 )

[node name="TreasureGold3" parent="Collectibles" instance=ExtResource( 3 )]
transform = Transform( 0.998375, 0, 0, 0, 0.998375, 0, 0, 0, 0.998375, -21.081, -1.43051e-06, -16.2626 )
version = 4

[node name="TreasureGold9" parent="Collectibles" instance=ExtResource( 3 )]
transform = Transform( 0.998375, 0, 0, 0, 0.998375, 0, 0, 0, 0.998375, -21.9423, -1.43051e-06, -17.946 )
version = 3

[node name="TreasureGold8" parent="Collectibles" instance=ExtResource( 3 )]
transform = Transform( 0.998375, 0, 0, 0, 0.998375, 0, 0, 0, 0.998375, -40.7128, -1.43051e-06, -44.4211 )
version = 4

[node name="TreasureGold10" parent="Collectibles" instance=ExtResource( 3 )]
transform = Transform( 0.998375, 0, 0, 0, 0.998375, 0, 0, 0, 0.998375, -29.442, -1.43051e-06, -37.3397 )
version = 2

[node name="TreasureGold5" parent="Collectibles" instance=ExtResource( 3 )]
transform = Transform( 0.892295, 0, -0.447841, 0, 0.998375, 0, 0.447841, 0, 0.892295, -39.586, 0.0564327, 10.0912 )
version = 3

[node name="TreasureGold6" parent="Collectibles" instance=ExtResource( 3 )]
transform = Transform( 0.998375, 0, 0, 0, 0.998375, 0, 0, 0, 0.998375, -33.2836, -2.38418e-06, 11.5275 )

[node name="TreasureGold7" parent="Collectibles" instance=ExtResource( 3 )]
transform = Transform( 0.694006, 0, -0.717711, 0, 0.998375, 0, 0.717711, 0, 0.694006, -40.6253, -4.29153e-06, 8.55091 )
version = 4

[node name="TreasureGears" parent="Collectibles" instance=ExtResource( 11 )]
transform = Transform( 1, 0, 0, 0, 1, 0, 0, 0, 1, -24.5388, -4.76837e-07, 0.21174 )

[node name="TreasureGears2" parent="Collectibles" instance=ExtResource( 11 )]
transform = Transform( 1, 0, 0, 0, 1, 0, 0, 0, 1, 8.16596, -4.76837e-07, -13.3794 )
version = 4

[node name="TreasureGears9" parent="Collectibles" instance=ExtResource( 11 )]
transform = Transform( 1, 0, 0, 0, 1, 0, 0, 0, 1, 10.1772, -4.76837e-07, -22.7915 )
version = 3

[node name="TreasureGears11" parent="Collectibles" instance=ExtResource( 11 )]
transform = Transform( 1, 0, 0, 0, 1, 0, 0, 0, 1, 19.9962, 4.76837e-07, -25.4967 )
version = 4

[node name="TreasureGears20" parent="Collectibles" instance=ExtResource( 11 )]
transform = Transform( 1, 0, 0, 0, 1, 0, 0, 0, 1, 55.7575, 4.76837e-07, -12.2631 )
version = 4

[node name="TreasureGears17" parent="Collectibles" instance=ExtResource( 11 )]
transform = Transform( 0.803556, 0, -0.59523, 0, 1, 0, 0.59523, 0, 0.803556, 18.3702, 4.76837e-07, -27.0676 )
version = 2

[node name="TreasureGears3" parent="Collectibles" instance=ExtResource( 11 )]
transform = Transform( 1, 0, 0, 0, 1, 0, 0, 0, 1, -13.9042, -4.76837e-07, -14.191 )
version = 2

[node name="TreasureGears12" parent="Collectibles" instance=ExtResource( 11 )]
transform = Transform( 1, 0, 0, 0, 1, 0, 0, 0, 1, -19.2987, -4.76837e-07, -29.4972 )
version = 4

[node name="TreasureGears16" parent="Collectibles" instance=ExtResource( 11 )]
transform = Transform( 1, 0, 0, 0, 1, 0, 0, 0, 1, -20.6833, -4.76837e-07, -27.0292 )
version = 2

[node name="TreasureGears13" parent="Collectibles" instance=ExtResource( 11 )]
transform = Transform( 1, 0, 0, 0, 1, 0, 0, 0, 1, -42.7574, -4.76837e-07, -42.0502 )
version = 2

[node name="TreasureGears14" parent="Collectibles" instance=ExtResource( 11 )]
transform = Transform( 1, 0, 0, 0, 1, 0, 0, 0, 1, -37.421, -4.76837e-07, -38.114 )

[node name="TreasureGears15" parent="Collectibles" instance=ExtResource( 11 )]
transform = Transform( 1, 0, 0, 0, 1, 0, 0, 0, 1, -33.2769, -4.76837e-07, -3.37975 )
version = 3

[node name="TreasureGears8" parent="Collectibles" instance=ExtResource( 11 )]
transform = Transform( 1, 0, 0, 0, 1, 0, 0, 0, 1, -14.1362, -4.76837e-07, -45.5107 )

[node name="TreasureGears4" parent="Collectibles" instance=ExtResource( 11 )]
transform = Transform( 1, 0, 0, 0, 1, 0, 0, 0, 1, -32.8053, 0.0324998, 9.83208 )
version = 4

[node name="TreasureGears10" parent="Collectibles" instance=ExtResource( 11 )]
transform = Transform( 1, 0, 0, 0, 1, 0, 0, 0, 1, -41.2277, 0.0324988, 5.32192 )

[node name="TreasureGears5" parent="Collectibles" instance=ExtResource( 11 )]
transform = Transform( -0.620984, 0, -0.783824, 0, 1, 0, 0.783824, 0, -0.620984, -42.252, -9.53674e-07, 6.43206 )
version = 2

[node name="TreasureGears6" parent="Collectibles" instance=ExtResource( 11 )]
transform = Transform( 1, 0, 0, 0, 1, 0, 0, 0, 1, -43.0197, -9.53674e-07, 8.01625 )
version = 3

[node name="TreasureGears18" parent="Collectibles" instance=ExtResource( 11 )]
transform = Transform( 0.587348, 0, -0.809335, 0, 1, 0, 0.809335, 0, 0.587348, 55.5134, -9.53674e-07, 15.4244 )
version = 3

[node name="TreasureGears22" parent="Collectibles" instance=ExtResource( 11 )]
transform = Transform( 0.587348, 0, -0.809335, 0, 1, 0, 0.809335, 0, 0.587348, 35.6159, -8.58307e-06, 58.6109 )
version = 4

[node name="TreasureGears24" parent="Collectibles" instance=ExtResource( 11 )]
transform = Transform( 0.587348, 0, -0.809335, 0, 1, 0, 0.809335, 0, 0.587348, 91.5501, 0.310073, 56.8564 )
version = 3

[node name="TreasureGears25" parent="Collectibles" instance=ExtResource( 11 )]
transform = Transform( 0.587348, 0, -0.809335, 0, 1, 0, 0.809335, 0, 0.587348, 93.3001, 0.310073, 57.9523 )

[node name="TreasureGears23" parent="Collectibles" instance=ExtResource( 11 )]
transform = Transform( -0.992176, 0, -0.124849, 0, 1, 0, 0.124849, 0, -0.992176, 36.6693, -8.58307e-06, 57.6343 )
version = 2

[node name="TreasureGears19" parent="Collectibles" instance=ExtResource( 11 )]
transform = Transform( 0.587348, 0, -0.809335, 0, 1, 0, 0.809335, 0, 0.587348, -9.31013, 1.90735e-06, 34.3415 )

[node name="TreasureGears7" parent="Collectibles" instance=ExtResource( 11 )]
transform = Transform( 1, 0, 0, 0, 1, 0, 0, 0, 1, -42.6223, -9.53674e-07, 9.07524 )
version = 4

[node name="Diamond" parent="Collectibles" instance=ExtResource( 8 )]
transform = Transform( 0.600155, 0, -0.799884, 0, 1, 0, 0.799884, 0, 0.600155, 38.1261, 0, -18.5226 )

[node name="Diamond2" parent="Collectibles" instance=ExtResource( 8 )]
transform = Transform( 0.600155, 0, -0.799884, 0, 1, 0, 0.799884, 0, 0.600155, 3.2104, 0, 43.6883 )

[node name="MouseDetectionLayer" parent="." instance=ExtResource( 16 )]
transform = Transform( 1, 0, 0, 0, 1, 0, 0, 0, 1, -1.99728, 1.10036, 0 )
visible = false

[node name="WorldEnvironment" type="WorldEnvironment" parent="."]

[node name="FishPath" parent="." instance=ExtResource( 5 )]
curve = SubResource( 10 )
can_attack = true

[node name="FishPath2" parent="." instance=ExtResource( 5 )]
transform = Transform( 1, 0, 0, 0, 1, 0, 0, 0, 1, 0, 1, 0 )
curve = SubResource( 11 )
can_attack = true

[node name="FishPath3" parent="." instance=ExtResource( 5 )]
transform = Transform( 1, 0, 0, 0, 1, 0, 0, 0, 1, 0, 1, 0 )
curve = SubResource( 6 )
can_attack = true

