[gd_scene load_steps=40 format=2]

[ext_resource path="res://Prototyping/Level2.gd" type="Script" id=1]
[ext_resource path="res://Objects/Cliff/Wall.tscn" type="PackedScene" id=2]
[ext_resource path="res://Objects/Decoration/AlgaeB.tscn" type="PackedScene" id=3]
[ext_resource path="res://Objects/Decoration/Algae.tscn" type="PackedScene" id=4]
[ext_resource path="res://Objects/Pickup/TreasureChest.tscn" type="PackedScene" id=5]
[ext_resource path="res://Actors/Roller.tscn" type="PackedScene" id=6]
[ext_resource path="res://Effects/DiveStartCutscene.tscn" type="PackedScene" id=7]
[ext_resource path="res://Objects/Decoration/Anemone.tscn" type="PackedScene" id=8]
[ext_resource path="res://Objects/Decoration/BubbleSpawner.tscn" type="PackedScene" id=9]
[ext_resource path="res://Objects/Pickup/TreasureGears.tscn" type="PackedScene" id=10]
[ext_resource path="res://Actors/Drill.tscn" type="PackedScene" id=11]
[ext_resource path="res://Logic/TopdownCamera.tscn" type="PackedScene" id=12]
[ext_resource path="res://Objects/Pickup/EnergyCrystal.tscn" type="PackedScene" id=13]
[ext_resource path="res://Objects/Cable/Cable.tscn" type="PackedScene" id=14]
[ext_resource path="res://Objects/Pickup/TreasureGold.tscn" type="PackedScene" id=15]
[ext_resource path="res://Logic/MouseDetectionLayer.tscn" type="PackedScene" id=16]
[ext_resource path="res://Prototyping/Collectibles.gd" type="Script" id=17]
[ext_resource path="res://LevelEditing.tres" type="Environment" id=18]
[ext_resource path="res://Assets/Models/Level2Base.tscn" type="PackedScene" id=19]
[ext_resource path="res://Objects/Cliff/Cliff2.tscn" type="PackedScene" id=20]
[ext_resource path="res://Objects/Cliff/Cliff1.tscn" type="PackedScene" id=21]
[ext_resource path="res://Objects/Cliff/Cliff3.tscn" type="PackedScene" id=22]
[ext_resource path="res://Objects/Cliff/Cliff5_large.tscn" type="PackedScene" id=23]
[ext_resource path="res://Objects/Cliff/Cliff4.tscn" type="PackedScene" id=24]
[ext_resource path="res://Actors/FishPath.tscn" type="PackedScene" id=25]
[ext_resource path="res://Objects/Cliff/StonePillarA.tscn" type="PackedScene" id=26]
[ext_resource path="res://Objects/Cliff/StonePillarB.tscn" type="PackedScene" id=27]
[ext_resource path="res://Actors/Fish.tscn" type="PackedScene" id=28]
[ext_resource path="res://Actors/FishBuddy.tscn" type="PackedScene" id=29]

[sub_resource type="BoxShape" id=1]
extents = Vector3( 99.1882, 0.0222201, 107.505 )

[sub_resource type="Curve3D" id=2]
_data = {
"points": PoolVector3Array( 0, 0, 0, 0, 0, 0, 45.3718, 0, -45.0793, 0, 0, 0, 0, 0, 0, 42.0198, 0, -47.2733, 0, 0, 0, 0, 0, 0, 42.2026, 0, -50.7472, 0, 0, 0, 0, 0, 0, 43.1654, 0, -51.4349, 0, 0, 0, 0, 0, 0, 45.189, 0, -52.8803, 0, 0, 0, 0, 0, 0, 48.0534, 0, -52.5147, 0, 0, 0, 0, 0, 0, 49.3991, 0, -51.5578, 0, 0, 0, 0, 0, 0, 50.796, 0, -50.5644, 0, 0, 0, 0, 0, 0, 50.9788, 0, -48.1875, 0, 0, 0, 0, 0, 0, 48.3582, 0, -45.5669, 0, 0, 0, 0, 0, 0, 46.2251, 0, -43.4338, 0, 0, 0, 0, 0, 0, 43.0559, 0, -44.7746, 0, 0, 0, 0, 0, 0, 40.4962, 0, -48.0047, 0, 0, 0, 0, 0, 0, 49.9427, 0, -45.9325 ),
"tilts": PoolRealArray( 0, 0, 0, 0, 0, 0, 0, 0, 0, 0, 0, 0, 0, 0 )
}

[sub_resource type="Curve3D" id=11]
_data = {
"points": PoolVector3Array( 0, 0, 0, 0, 0, 0, 69.0764, 0, -30.9176, 0, 0, 0, 0, 0, 0, 74.344, 0, -33.9728, 0, 0, 0, 0, 0, 0, 70.0246, 0, -41.9796, 0, 0, 0, 0, 0, 0, 62.0178, 0, -46.9312, 0, 0, 0, 0, 0, 0, 56.4341, 0, -52.7256, 0, 0, 0, 0, 0, 0, 53.3789, 0, -59.3628, 0, 0, 0, 0, 0, 0, 56.2234, 0, -66.4214, 0, 0, 0, 0, 0, 0, 56.7502, 0, -71.7943, 0, 0, 0, 0, 0, 0, 54.6431, 0, -76.7459, 0, 0, 0, 0, 0, 0, 48.5327, 0, -77.6941 ),
"tilts": PoolRealArray( 0, 0, 0, 0, 0, 0, 0, 0, 0, 0 )
}

[sub_resource type="Curve3D" id=4]
_data = {
"points": PoolVector3Array( 0, 0, 0, 0, 0, 0, 37.2051, 0, -37.2782, 0, 0, 0, 0, 0, 0, 37.4489, 0, -33.6824, 0, 0, 0, 0, 0, 0, 30.9886, 0, -31.915, 0, 0, 0, 0, 0, 0, 28.6727, 0, -26.369, 0, 0, 0, 0, 0, 0, 25.9911, 0, -18.3241, 0, 0, 0, 0, 0, 0, 21.6639, 0, -30.8789, 0, 0, 0, 0, 0, 0, 34.6454, 0, -37.522 ),
"tilts": PoolRealArray( 0, 0, 0, 0, 0, 0, 0 )
}

[sub_resource type="Curve3D" id=5]
_data = {
"points": PoolVector3Array( 0, 0, 0, 0, 0, 0, 18.3729, 0, -6.98824, 0, 0, 0, 0, 0, 0, 9.96238, 0, -15.6425, 0, 0, 0, 0, 0, 0, 5.51334, 0, -24.7234, 0, 0, 0, 0, 0, 0, 14.9599, 0, -37.1564, 0, 0, 0, 0, 0, 0, 26.1739, 0, -46.2373, 0, 0, 0, 0, 0, 0, 38.1802, 0, -50.5035, 0, 0, 0, 0, 0, 0, 47.2002, 0, -50.0159 ),
"tilts": PoolRealArray( 0, 0, 0, 0, 0, 0, 0 )
}

[sub_resource type="Curve3D" id=8]
_data = {
"points": PoolVector3Array( 0, 0, 0, 0, 0, 0, -12.4816, 0, -70.342, 0, 0, 0, 0, 0, 0, -3.26871, 0, -64.3807, 0, 0, 0, 0, 0, 0, 9.10548, 0, -61.2194, 0, 0, 0, 0, 0, 0, 19.6732, 0, -65.1033, 0, 0, 0, 0, 0, 0, 26.4474, 0, -70.7033 ),
"tilts": PoolRealArray( 0, 0, 0, 0, 0 )
}

[sub_resource type="Curve3D" id=9]
_data = {
"points": PoolVector3Array( 0, 0, 0, 0, 0, 0, 7.1284, 0, -24.912, 0, 0, 0, 0, 0, 0, 8.11193, 0, -15.4259, 0, 0, 0, 0, 0, 0, 16.8732, 0, -4.40654, 0, 0, 0, 0, 0, 0, 28.3423, 0, 0.349146 ),
"tilts": PoolRealArray( 0, 0, 0, 0 )
}

[sub_resource type="Curve3D" id=10]
_data = {
"points": PoolVector3Array( 0, 0, 0, 0, 0, 0, 54.3262, 0, -49.1431, 0, 0, 0, 0, 0, 0, 38.2073, 0, -49.8805, 0, 0, 0, 0, 0, 0, 25.6704, 0, -50.9341, 0, 0, 0, 0, 0, 0, 20.1921, 0, -55.6749, 0, 0, 0, 0, 0, 0, 20.4028, 0, -61.4693, 0, 0, 0, 0, 0, 0, 28.6203, 0, -59.6783, 0, 0, 0, 0, 0, 0, 31.4648, 0, -53.4625, 0, 0, 0, 0, 0, 0, 29.4631, 0, -47.5628, 0, 0, 0, 0, 0, 0, 21.7724, 0, -42.7166, 0, 0, 0, 0, 0, 0, 16.7155, 0, -39.1346, 0, 0, 0, 0, 0, 0, 14.5031, 0, -36.9222 ),
"tilts": PoolRealArray( 0, 0, 0, 0, 0, 0, 0, 0, 0, 0, 0 )
}

[sub_resource type="SphereShape" id=6]
radius = 10.5988

[sub_resource type="CylinderShape" id=7]
radius = 4.40345

[node name="Level2" type="Spatial"]
script = ExtResource( 1 )

[node name="Cable" parent="." instance=ExtResource( 14 )]

[node name="Player1" parent="." instance=ExtResource( 6 )]
transform = Transform( 1, 0, 0, 0, 1, 0, 0, 0, 1, -5.42383, 0.0707644, 40.5777 )

[node name="Player2" parent="." instance=ExtResource( 11 )]
transform = Transform( 1, 0, 0, 0, 1, 0, 0, 0, 1, -1.42383, -9.53674e-07, 40.5777 )

[node name="Objects" type="Spatial" parent="."]

[node name="Algae" parent="Objects" instance=ExtResource( 4 )]
transform = Transform( 0.993471, 0, 0.114088, 0, 1, 0, -0.114088, 0, 0.993471, -18.1523, 1.90735e-06, 38.2327 )

[node name="Algae32" parent="Objects" instance=ExtResource( 4 )]
transform = Transform( 0.993471, 0, 0.114088, 0, 1, 0, -0.114088, 0, 0.993471, 19.2856, 1.90735e-06, 21.0131 )

[node name="Algae33" parent="Objects" instance=ExtResource( 4 )]
transform = Transform( 0.993471, 0, 0.114088, 0, 1, 0, -0.114088, 0, 0.993471, 17.3058, 1.90735e-06, 33.9898 )

[node name="Algae9" parent="Objects" instance=ExtResource( 4 )]
transform = Transform( 0.993471, 0, 0.114088, 0, 1, 0, -0.114088, 0, 0.993471, -27.7592, 1.90735e-06, -9.87103 )

[node name="Algae10" parent="Objects" instance=ExtResource( 4 )]
transform = Transform( 0.993471, 0, 0.114088, 0, 1, 0, -0.114088, 0, 0.993471, -10.6918, 5.72205e-06, -7.53136 )

[node name="Algae11" parent="Objects" instance=ExtResource( 4 )]
transform = Transform( 0.993471, 0, 0.114088, 0, 1, 0, -0.114088, 0, 0.993471, 16.1, 5.72205e-06, 15.0021 )

[node name="Algae12" parent="Objects" instance=ExtResource( 4 )]
transform = Transform( 0.993471, 0, 0.114088, 0, 1, 0, -0.114088, 0, 0.993471, -62.1176, 5.72205e-06, 5.66437 )

[node name="Algae23" parent="Objects" instance=ExtResource( 4 )]
transform = Transform( 0.993471, 0, 0.114088, 0, 1, 0, -0.114088, 0, 0.993471, -67.6219, 5.72205e-06, -1.54094 )

[node name="Algae24" parent="Objects" instance=ExtResource( 4 )]
transform = Transform( 0.993471, 0, 0.114088, 0, 1, 0, -0.114088, 0, 0.993471, -69.7896, 5.72205e-06, -20.4169 )

[node name="Algae25" parent="Objects" instance=ExtResource( 4 )]
transform = Transform( 0.993471, 0, 0.114088, 0, 1, 0, -0.114088, 0, 0.993471, -47.969, 5.72205e-06, -36.4164 )

[node name="Algae13" parent="Objects" instance=ExtResource( 4 )]
transform = Transform( 0.993471, 0, 0.114088, 0, 1, 0, -0.114088, 0, 0.993471, -61.3181, 5.72205e-06, -14.2841 )

[node name="Algae14" parent="Objects" instance=ExtResource( 4 )]
transform = Transform( 0.993471, 0, 0.114088, 0, 1, 0, -0.114088, 0, 0.993471, -67.8468, 5.72205e-06, -35.9945 )

[node name="Algae15" parent="Objects" instance=ExtResource( 4 )]
transform = Transform( 0.993471, 0, 0.114088, 0, 1, 0, -0.114088, 0, 0.993471, -51.2267, 5.72205e-06, -55.1623 )

[node name="Algae16" parent="Objects" instance=ExtResource( 4 )]
transform = Transform( 0.993471, 0, 0.114088, 0, 1, 0, -0.114088, 0, 0.993471, -31.0096, 5.72205e-06, -38.1375 )

[node name="Algae17" parent="Objects" instance=ExtResource( 4 )]
transform = Transform( 0.993471, 0, 0.114088, 0, 1, 0, -0.114088, 0, 0.993471, -57.5358, 5.72205e-06, -69.7099 )

[node name="Algae29" parent="Objects" instance=ExtResource( 4 )]
transform = Transform( 0.993471, 0, 0.114088, 0, 1, 0, -0.114088, 0, 0.993471, -58.7413, 5.72205e-06, -74.6698 )

[node name="AlgaeB4" parent="Objects" instance=ExtResource( 3 )]
transform = Transform( 1.19517, 0, 0.13725, 0, 1.20302, 0, -0.13725, 0, 1.19517, -53.7533, 0.0222254, -67.7985 )

[node name="AlgaeB7" parent="Objects" instance=ExtResource( 3 )]
transform = Transform( 1.19517, 0, 0.13725, 0, 1.20302, 0, -0.13725, 0, 1.19517, -32.3638, 0.0222254, -59.9927 )

[node name="AlgaeB8" parent="Objects" instance=ExtResource( 3 )]
transform = Transform( 1.19517, 0, 0.13725, 0, 1.20302, 0, -0.13725, 0, 1.19517, -57.0867, 0.0222254, -55.6149 )

[node name="AlgaeB9" parent="Objects" instance=ExtResource( 3 )]
transform = Transform( 1.19517, 0, 0.13725, 0, 1.20302, 0, -0.13725, 0, 1.19517, -24.7274, 0.0222254, -51.3207 )

[node name="AlgaeB10" parent="Objects" instance=ExtResource( 3 )]
transform = Transform( 1.19517, 0, 0.13725, 0, 1.20302, 0, -0.13725, 0, 1.19517, -24.7859, 0.0222254, -17.899 )

[node name="AlgaeB11" parent="Objects" instance=ExtResource( 3 )]
transform = Transform( 1.19517, 0, 0.13725, 0, 1.20302, 0, -0.13725, 0, 1.19517, -35.4571, 0.0222254, -13.3145 )

[node name="AlgaeB12" parent="Objects" instance=ExtResource( 3 )]
transform = Transform( 1.19517, 0, 0.13725, 0, 1.20302, 0, -0.13725, 0, 1.19517, -28.6908, 0.0222254, 17.7258 )

[node name="AlgaeB13" parent="Objects" instance=ExtResource( 3 )]
transform = Transform( 1.19517, 0, 0.13725, 0, 1.20302, 0, -0.13725, 0, 1.19517, 15.0219, 0.0222254, 12.706 )

[node name="AlgaeB14" parent="Objects" instance=ExtResource( 3 )]
transform = Transform( 1.19517, 0, 0.13725, 0, 1.20302, 0, -0.13725, 0, 1.19517, 5.88961, 0.0222216, 40.7409 )

[node name="AlgaeB15" parent="Objects" instance=ExtResource( 3 )]
transform = Transform( 1.19517, 0, 0.13725, 0, 1.20302, 0, -0.13725, 0, 1.19517, 22.5786, 0.0222292, 30.8402 )

[node name="AlgaeB16" parent="Objects" instance=ExtResource( 3 )]
transform = Transform( 1.19517, 0, 0.13725, 0, 1.20302, 0, -0.13725, 0, 1.19517, 31.2162, 0.0222292, 10.3664 )

[node name="AlgaeB5" parent="Objects" instance=ExtResource( 3 )]
transform = Transform( 1.19517, 0, 0.13725, 0, 1.20302, 0, -0.13725, 0, 1.19517, -42.6121, 0.0222273, -83.031 )

[node name="AlgaeB6" parent="Objects" instance=ExtResource( 3 )]
transform = Transform( 1.19517, 0, 0.13725, 0, 1.20302, 0, -0.13725, 0, 1.19517, -42.6121, 0.0222273, -83.031 )

[node name="Algae30" parent="Objects" instance=ExtResource( 4 )]
transform = Transform( 0.993471, 0, 0.114088, 0, 1, 0, -0.114088, 0, 0.993471, -28.7894, 5.72205e-06, -82.7638 )

[node name="Algae31" parent="Objects" instance=ExtResource( 4 )]
transform = Transform( 0.993471, 0, 0.114088, 0, 1, 0, -0.114088, 0, 0.993471, -28.3074, 5.72205e-06, -71.9317 )

[node name="Algae18" parent="Objects" instance=ExtResource( 4 )]
transform = Transform( 0.993471, 0, 0.114088, 0, 1, 0, -0.114088, 0, 0.993471, 3.76348, 5.72205e-06, -25.8736 )

[node name="Algae19" parent="Objects" instance=ExtResource( 4 )]
transform = Transform( 0.993471, 0, 0.114088, 0, 1, 0, -0.114088, 0, 0.993471, 13.4717, 5.72205e-06, -61.9743 )

[node name="Algae20" parent="Objects" instance=ExtResource( 4 )]
transform = Transform( 0.993471, 0, 0.114088, 0, 1, 0, -0.114088, 0, 0.993471, 30.4461, 5.72205e-06, -72.2709 )

[node name="Algae21" parent="Objects" instance=ExtResource( 4 )]
transform = Transform( 0.993471, 0, 0.114088, 0, 1, 0, -0.114088, 0, 0.993471, 49.6497, 5.72205e-06, -62.4124 )

[node name="Algae22" parent="Objects" instance=ExtResource( 4 )]
transform = Transform( 0.993471, 0, 0.114088, 0, 1, 0, -0.114088, 0, 0.993471, 62.4674, 5.72205e-06, -50.911 )

[node name="Algae8" parent="Objects" instance=ExtResource( 4 )]
transform = Transform( 0.993471, 0, 0.114088, 0, 1, 0, -0.114088, 0, 0.993471, -37.4691, 1.90735e-06, 20.9274 )

[node name="Algae2" parent="Objects" instance=ExtResource( 4 )]
transform = Transform( -0.771525, 0, 0.636199, 0, 1, 0, -0.636199, 0, -0.771525, 36.9545, 1.90735e-06, -16.5311 )

[node name="Algae3" parent="Objects" instance=ExtResource( 4 )]
transform = Transform( -0.771525, 0, 0.636199, 0, 1, 0, -0.636199, 0, -0.771525, 45.2898, 1.90735e-06, -5.59276 )

[node name="Algae4" parent="Objects" instance=ExtResource( 4 )]
transform = Transform( -0.771525, 0, 0.636199, 0, 1, 0, -0.636199, 0, -0.771525, 56.4353, 1.90735e-06, -33.6119 )

[node name="Algae26" parent="Objects" instance=ExtResource( 4 )]
transform = Transform( -0.771525, 0, 0.636199, 0, 1, 0, -0.636199, 0, -0.771525, 67.0833, -1.90735e-06, -25.2957 )

[node name="Algae27" parent="Objects" instance=ExtResource( 4 )]
transform = Transform( -0.771525, 0, 0.636199, 0, 1, 0, -0.636199, 0, -0.771525, 58.6155, -1.90735e-06, -11.7552 )

[node name="Algae28" parent="Objects" instance=ExtResource( 4 )]
transform = Transform( -0.771525, 0, 0.636199, 0, 1, 0, -0.636199, 0, -0.771525, 68.0091, -1.90735e-06, -2.71304 )

[node name="Algae5" parent="Objects" instance=ExtResource( 4 )]
transform = Transform( -0.540579, 0, 0.841294, 0, 1, 0, -0.841294, 0, -0.540579, 38.098, 5.72205e-06, -37.4911 )

[node name="Algae7" parent="Objects" instance=ExtResource( 4 )]
transform = Transform( -0.540579, 0, 0.841294, 0, 1, 0, -0.841294, 0, -0.540579, 22.0956, 5.72205e-06, -9.39809 )

[node name="Algae6" parent="Objects" instance=ExtResource( 4 )]
transform = Transform( -0.994665, 0, -0.103157, 0, 1, 0, 0.103157, 0, -0.994665, 24.9134, 5.72205e-06, -32.083 )

[node name="EnergyCrystal" parent="Objects" instance=ExtResource( 13 )]
transform = Transform( 0.954047, 0, 0.299657, 0, 1, 0, -0.299657, 0, 0.954047, -29.9302, -2.86102e-06, -52.3957 )

[node name="EnergyCrystal4" parent="Objects" instance=ExtResource( 13 )]
transform = Transform( 0.979554, 0, -0.201181, 0, 1, 0, 0.201181, 0, 0.979554, -30.9261, -2.86102e-06, -54.1186 )

[node name="EnergyCrystal5" parent="Objects" instance=ExtResource( 13 )]
transform = Transform( 0.793905, 0, -0.608041, 0, 1, 0, 0.608041, 0, 0.793905, -28.7233, -2.86102e-06, -54.1081 )

[node name="EnergyCrystal2" parent="Objects" instance=ExtResource( 13 )]
transform = Transform( 1, 0, 0, 0, 1, 0, 0, 0, 1, -28.2105, -2.86102e-06, -52.0355 )

[node name="EnergyCrystal6" parent="Objects" instance=ExtResource( 13 )]
transform = Transform( 0.97413, 0, -0.225988, 0, 1, 0, 0.225988, 0, 0.97413, -32.2969, -2.86102e-06, -52.2953 )

[node name="EnergyCrystal7" parent="Objects" instance=ExtResource( 13 )]
transform = Transform( 0.904879, 0, 0.425669, 0, 1, 0, -0.425669, 0, 0.904879, -29.1306, -2.86102e-06, -50.2109 )

[node name="EnergyCrystal8" parent="Objects" instance=ExtResource( 13 )]
transform = Transform( 0.858137, 0, 0.513421, 0, 1, 0, -0.513421, 0, 0.858137, -31.1337, -2.86102e-06, -50.2731 )

[node name="EnergyCrystal3" parent="Objects" instance=ExtResource( 13 )]
transform = Transform( 1, 0, 0, 0, 1, 0, 0, 0, 1, -34.3397, -6.67572e-06, 10.3204 )

[node name="EnergyCrystal11" parent="Objects" instance=ExtResource( 13 )]
transform = Transform( 1, 0, 0, 0, 1, 0, 0, 0, 1, -63.7785, -6.67572e-06, -47.1988 )

[node name="EnergyCrystal9" parent="Objects" instance=ExtResource( 13 )]
transform = Transform( 1, 0, 0, 0, 1, 0, 0, 0, 1, 41.8219, -6.67572e-06, 14.6023 )

[node name="EnergyCrystal10" parent="Objects" instance=ExtResource( 13 )]
transform = Transform( 1, 0, 0, 0, 1, 0, 0, 0, 1, -57.1729, -2.86102e-06, -79.8182 )

[node name="BubbleSpawner" parent="Objects" instance=ExtResource( 9 )]
transform = Transform( 0.2366, 0, 0, 0, 0.2366, 0, 0, 0, 0.2366, 6.88937, 0, -11.4704 )

[node name="BubbleSpawner2" parent="Objects" instance=ExtResource( 9 )]
transform = Transform( 0.2366, 0, 0, 0, 0.2366, 0, 0, 0, 0.2366, -56.4532, 0, 9.3958 )

[node name="BubbleSpawner3" parent="Objects" instance=ExtResource( 9 )]
transform = Transform( 0.2366, 0, 0, 0, 0.2366, 0, 0, 0, 0.2366, -65.489, 0, -10.0737 )

[node name="BubbleSpawner4" parent="Objects" instance=ExtResource( 9 )]
transform = Transform( 0.2366, 0, 0, 0, 0.2366, 0, 0, 0, 0.2366, -59.3386, 0, -31.8291 )

[node name="BubbleSpawner5" parent="Objects" instance=ExtResource( 9 )]
transform = Transform( 0.2366, 0, 0, 0, 0.2366, 0, 0, 0, 0.2366, -39.205, 0, -55.2218 )

[node name="BubbleSpawner6" parent="Objects" instance=ExtResource( 9 )]
transform = Transform( 0.2366, 0, 0, 0, 0.2366, 0, 0, 0, 0.2366, -51.0544, 0, -75.6354 )

[node name="BubbleSpawner7" parent="Objects" instance=ExtResource( 9 )]
transform = Transform( 0.2366, 0, 0, 0, 0.2366, 0, 0, 0, 0.2366, -28.6362, 0, -78.2232 )

[node name="BubbleSpawner8" parent="Objects" instance=ExtResource( 9 )]
transform = Transform( 0.2366, 0, 0, 0, 0.2366, 0, 0, 0, 0.2366, 25.7109, 0, -59.1266 )

[node name="BubbleSpawner9" parent="Objects" instance=ExtResource( 9 )]
transform = Transform( 0.2366, 0, 0, 0, 0.2366, 0, 0, 0, 0.2366, 35.2142, 0, -5.10401 )

[node name="Wall" parent="Objects" instance=ExtResource( 2 )]
transform = Transform( 1.31956, 0, -0.643821, 0, 1.46825, 0, 0.643821, 0, 1.31956, 30.729, 0, -22.6567 )

[node name="Wall2" parent="Objects" instance=ExtResource( 2 )]
transform = Transform( -0.986914, 0, 1.08708, 0, 1.46825, 0, -1.08708, 0, -0.986914, -42.782, 0, 21.7889 )

[node name="AlgaeB" parent="Objects" instance=ExtResource( 3 )]
transform = Transform( 0.74936, 0, 0.662162, 0, 1, 0, -0.662162, 0, 0.74936, -11.3811, 0, 33.7188 )

[node name="AlgaeB2" parent="Objects" instance=ExtResource( 3 )]
transform = Transform( 0.74936, 0, 0.662162, 0, 1, 0, -0.662162, 0, 0.74936, 44.8325, 0, -25.6176 )

[node name="AlgaeB3" parent="Objects" instance=ExtResource( 3 )]
transform = Transform( 0.74936, 0, 0.662162, 0, 1, 0, -0.662162, 0, 0.74936, 43.1985, 0, -19.7966 )

[node name="Anemone" parent="Objects" instance=ExtResource( 8 )]
transform = Transform( 0.701817, 0, -0.712357, 0, 1, 0, 0.712357, 0, 0.701817, 3.00288, 1.90735e-06, 30.0866 )

[node name="Anemone11" parent="Objects" instance=ExtResource( 8 )]
transform = Transform( 0.701817, 0, -0.712357, 0, 1, 0, 0.712357, 0, 0.701817, 32.2999, 1.90735e-06, 4.29591 )

[node name="Anemone12" parent="Objects" instance=ExtResource( 8 )]
transform = Transform( 0.701817, 0, -0.712357, 0, 1, 0, 0.712357, 0, 0.701817, 19.1123, 1.90735e-06, -15.8421 )

[node name="Anemone13" parent="Objects" instance=ExtResource( 8 )]
transform = Transform( 0.701817, 0, -0.712357, 0, 1, 0, 0.712357, 0, 0.701817, 14.5641, 1.90735e-06, -32.4467 )

[node name="Anemone5" parent="Objects" instance=ExtResource( 8 )]
transform = Transform( 0.701817, 0, -0.712357, 0, 1, 0, 0.712357, 0, 0.701817, -46.3983, 1.90735e-06, 14.6714 )

[node name="Anemone6" parent="Objects" instance=ExtResource( 8 )]
transform = Transform( 0.701817, 0, -0.712357, 0, 1, 0, 0.712357, 0, 0.701817, -55.4379, 1.90735e-06, 14.2704 )

[node name="Anemone7" parent="Objects" instance=ExtResource( 8 )]
transform = Transform( 0.701817, 0, -0.712357, 0, 1, 0, 0.712357, 0, 0.701817, -58.6158, 1.90735e-06, 0.0224228 )

[node name="Anemone8" parent="Objects" instance=ExtResource( 8 )]
transform = Transform( 0.701817, 0, -0.712357, 0, 1, 0, 0.712357, 0, 0.701817, -69.4817, 1.90735e-06, -12.7484 )

[node name="Anemone9" parent="Objects" instance=ExtResource( 8 )]
transform = Transform( 0.701817, 0, -0.712357, 0, 1, 0, 0.712357, 0, 0.701817, -68.8798, 1.90735e-06, -30.6521 )

[node name="Anemone10" parent="Objects" instance=ExtResource( 8 )]
transform = Transform( 0.701817, 0, -0.712357, 0, 1, 0, 0.712357, 0, 0.701817, -68.8798, 1.90735e-06, -30.6521 )

[node name="Anemone2" parent="Objects" instance=ExtResource( 8 )]
transform = Transform( 0.701817, 0, -0.712357, 0, 1, 0, 0.712357, 0, 0.701817, 39.9, 1.90735e-06, -19.6425 )

[node name="Anemone3" parent="Objects" instance=ExtResource( 8 )]
transform = Transform( -0.363625, 0, -0.931545, 0, 1, 0, 0.931545, 0, -0.363625, 44.4966, 1.90735e-06, -22.3377 )

[node name="Anemone4" parent="Objects" instance=ExtResource( 8 )]
transform = Transform( -0.965872, 0, -0.259021, 0, 1, 0, 0.259021, 0, -0.965872, 41.8664, 1.90735e-06, -27.1492 )

[node name="Pivot" type="Spatial" parent="."]
__meta__ = {
"_editor_description_": "Tracks the controlled player on the ground"
}

[node name="TopdownCamera" parent="Pivot" instance=ExtResource( 12 )]
transform = Transform( 1, 0, 0, 0, 0.842903, 0.538065, 0, -0.538065, 0.842903, 0, 5.67633, 5.23851 )
current = true
far = 75.0
zoom_end = 12.0
zoom_min = 1.1

[node name="Collectibles" type="Node" parent="."]
script = ExtResource( 17 )

[node name="TreasureGold" parent="Collectibles" instance=ExtResource( 15 )]
transform = Transform( 1, 0, 0, 0, 1, 0, 0, 0, 1, -26.0116, 0, -73.5072 )
version = 3

[node name="TreasureGold4" parent="Collectibles" instance=ExtResource( 15 )]
transform = Transform( 1, 0, 0, 0, 1, 0, 0, 0, 1, -61.7751, 0, -20.6834 )
version = 2

[node name="TreasureGears" parent="Collectibles" instance=ExtResource( 10 )]
transform = Transform( 1, 0, 0, 0, 1, 0, 0, 0, 1, -14.3171, 0.18181, -75.3905 )
version = 4

[node name="TreasureGears4" parent="Collectibles" instance=ExtResource( 10 )]
transform = Transform( 1, 0, 0, 0, 1, 0, 0, 0, 1, -51.3394, 0.18181, 17.897 )

[node name="TreasureGold2" parent="Collectibles" instance=ExtResource( 15 )]
transform = Transform( 1, 0, 0, 0, 1, 0, 0, 0, 1, 50.5121, 0, -73.1484 )
version = 3

[node name="TreasureGears2" parent="Collectibles" instance=ExtResource( 10 )]
transform = Transform( 1, 0, 0, 0, 1, 0, 0, 0, 1, 52.7561, 0.18181, -75.2301 )

[node name="TreasureGears5" parent="Collectibles" instance=ExtResource( 10 )]
transform = Transform( 1, 0, 0, 0, 1, 0, 0, 0, 1, 33.0285, 0.18181, -60.5514 )
version = 2

[node name="TreasureGold5" parent="Collectibles" instance=ExtResource( 15 )]
transform = Transform( 0.202548, 0, 0.979272, 0, 1, 0, -0.979272, 0, 0.202548, 37.857, 3.8147e-06, 12.1682 )
version = 3

[node name="TreasureGold6" parent="Collectibles" instance=ExtResource( 15 )]
transform = Transform( 0.202548, 0, 0.979272, 0, 1, 0, -0.979272, 0, 0.202548, 16.2937, 3.8147e-06, 41.0676 )
version = 3

[node name="TreasureGears3" parent="Collectibles" instance=ExtResource( 10 )]
transform = Transform( 0.202548, 0, 0.979272, 0, 1, 0, -0.979272, 0, 0.202548, -16.5801, 0.181814, 3.12429 )

[node name="TreasureGears6" parent="Collectibles" instance=ExtResource( 10 )]
transform = Transform( 0.999174, 0, 0.0406374, 0, 1, 0, -0.0406374, 0, 0.999174, -17.7215, 0.181814, 4.45315 )
version = 2

[node name="TreasureGears7" parent="Collectibles" instance=ExtResource( 10 )]
transform = Transform( 0.999174, 0, 0.0406374, 0, 1, 0, -0.0406374, 0, 0.999174, -16.3739, 0.181814, 4.4399 )
version = 4

[node name="MouseDetectionLayer" parent="." instance=ExtResource( 16 )]
transform = Transform( 1, 0, 0, 0, 1, 0, 0, 0, 1, -1.99728, 1.10036, 0 )
visible = false

[node name="WorldEnvironment" type="WorldEnvironment" parent="."]
environment = ExtResource( 18 )

[node name="GroundCollision" type="StaticBody" parent="."]

[node name="CollisionShape" type="CollisionShape" parent="GroundCollision"]
shape = SubResource( 1 )

[node name="DiveStartCutscene" parent="." instance=ExtResource( 7 )]
transform = Transform( 1, 0, 0, 0, 1, 0, 0, 0, 1, -3.52425, 0, 40.7169 )

[node name="Point1" type="Camera" parent="DiveStartCutscene"]
transform = Transform( 0.419785, 0, -0.907624, 0, 1, 0, 0.907624, 0, 0.419785, 37.2973, 2.1543, -60.7893 )

[node name="Point2" type="Camera" parent="DiveStartCutscene"]
transform = Transform( -0.85512, 0, 0.51843, 0, 1, 0, -0.51843, 0, -0.85512, 29.7726, 8.49234, -47.0862 )

[node name="Point3" type="Camera" parent="DiveStartCutscene"]
transform = Transform( -0.918515, 0.0181013, 0.394971, 0, 0.998951, -0.0457813, -0.395385, -0.0420509, -0.917552, 11.9339, 8.22862, -27.4567 )

[node name="Level2Base" parent="." instance=ExtResource( 19 )]

[node name="TreasureChest" parent="." instance=ExtResource( 5 )]
transform = Transform( 0.150105, 0, -0.98867, 0, 1, 0, 0.98867, 0, 0.150105, 40.7274, -9.53674e-07, -23.1712 )

[node name="Cliffs" type="Spatial" parent="."]

[node name="Cliff1" parent="Cliffs" instance=ExtResource( 21 )]
transform = Transform( -0.398205, 0, 0.917297, 0, 1, 0, -0.917297, 0, -0.398205, -33.2717, 0.0223536, 4.26022 )

[node name="Cliff6" parent="Cliffs" instance=ExtResource( 21 )]
transform = Transform( -0.545137, 0, 0.838348, 0, 1, 0, -0.838348, 0, -0.545137, 21.3625, 0.0223536, -19.4569 )

[node name="Cliff18" parent="Cliffs" instance=ExtResource( 21 )]
transform = Transform( -0.544771, 0, 0.838585, 0, 1, 0, -0.838585, 0, -0.544771, 43.3275, -0.0578104, 8.41401 )

[node name="Cliff22" parent="Cliffs" instance=ExtResource( 21 )]
transform = Transform( 0.0820079, 0, 0.996632, 0, 1, 0, -0.996632, 0, 0.0820079, 11.1703, -0.0578104, 36.1209 )

[node name="Cliff5" parent="Cliffs" instance=ExtResource( 23 )]
transform = Transform( -0.986415, 0, 0.164273, 0, 1, 0, -0.164273, 0, -0.986415, 50.5938, 0.0222383, -29.0012 )

[node name="Cliff17" parent="Cliffs" instance=ExtResource( 23 )]
transform = Transform( 0.791778, 0, -0.610809, 0, 1, 0, 0.610809, 0, 0.791778, 37.9284, -2.69605, -4.49084 )

[node name="Cliff3" parent="Cliffs" instance=ExtResource( 22 )]
transform = Transform( -0.342955, 0, -0.939352, 0, 1, 0, 0.939352, 0, -0.342955, 35.4493, 0.0222397, -28.5075 )

[node name="Cliff10" parent="Cliffs" instance=ExtResource( 22 )]
transform = Transform( -0.342955, 0, -0.939352, 0, 1, 0, 0.939352, 0, -0.342955, 71.7666, 0.0222397, -19.5056 )

[node name="Cliff11" parent="Cliffs" instance=ExtResource( 22 )]
transform = Transform( -0.625501, 0, 0.780223, 0, 1, 0, -0.780223, 0, -0.625501, 58.2074, 0.0222397, 0.308535 )

[node name="Cliff12" parent="Cliffs" instance=ExtResource( 22 )]
transform = Transform( -0.625501, 0, 0.780223, 0, 1, 0, -0.780223, 0, -0.625501, 8.93224, 0.0222397, 12.9143 )

[node name="Cliff21" parent="Cliffs" instance=ExtResource( 22 )]
transform = Transform( 0.9876, 0, -0.156986, 0, 1, 0, 0.156986, 0, 0.9876, -18.9593, -0.526676, -13.2055 )

[node name="Cliff20" parent="Cliffs" instance=ExtResource( 22 )]
transform = Transform( -0.625501, 0, 0.780223, 0, 1, 0, -0.780223, 0, -0.625501, -60.0161, 0.0222397, -47.4206 )

[node name="Cliff13" parent="Cliffs" instance=ExtResource( 22 )]
transform = Transform( -0.625501, 0, 0.780223, 0, 1, 0, -0.780223, 0, -0.625501, 38.473, 0.0222397, -65.4313 )

[node name="Cliff9" parent="Cliffs" instance=ExtResource( 22 )]
transform = Transform( -0.252643, 0, 0.96756, 0, 1, 0, -0.96756, 0, -0.252643, 43.2636, 0.0222397, -37.8841 )

[node name="Cliff2" parent="Cliffs" instance=ExtResource( 20 )]
transform = Transform( 0.781063, 0, 0.624452, 0, 1, 0, -0.624452, 0, 0.781063, 43.8347, 0.536293, -14.8172 )

[node name="Cliff8" parent="Cliffs" instance=ExtResource( 20 )]
transform = Transform( 0.942139, 0, 0.335221, 0, 1, 0, -0.335221, 0, 0.942139, 35.4019, 0.536293, -41.726 )

[node name="Cliff19" parent="Cliffs" instance=ExtResource( 20 )]
transform = Transform( 0.854513, 0, 0.519429, 0, 1, 0, -0.519429, 0, 0.854513, -48.7401, 0.536293, -28.5947 )

[node name="Cliff15" parent="Cliffs" instance=ExtResource( 20 )]
transform = Transform( 0.942139, 0, 0.335221, 0, 1, 0, -0.335221, 0, 0.942139, 53.35, 0.536293, -42.0149 )

[node name="Cliff16" parent="Cliffs" instance=ExtResource( 20 )]
transform = Transform( -0.951212, 0, 0.308536, 0, 1, 0, -0.308536, 0, -0.951212, 64.0262, 1.05136, -39.434 )

[node name="Cliff4" parent="Cliffs" instance=ExtResource( 24 )]
transform = Transform( -0.967643, 0, 0.252323, 0, 1, 0, -0.252323, 0, -0.967643, 38.5741, -1.34525, -10.7255 )

[node name="Cliff7" parent="Cliffs" instance=ExtResource( 24 )]
transform = Transform( 0.464363, 0, 0.885645, 0, 1, 0, -0.885645, 0, 0.464363, 18.0956, -1.34525, -30.8196 )

[node name="Cliff14" parent="Cliffs" instance=ExtResource( 24 )]
transform = Transform( -0.990717, 0, 0.13594, 0, 1, 0, -0.13594, 0, -0.990717, -16.2023, -0.371709, 21.7086 )

[node name="StonePillarA" parent="Cliffs" instance=ExtResource( 26 )]
transform = Transform( 1, 0, 0, 0, 1, 0, 0, 0, 1, -40.2757, 0.0222492, 18.638 )

[node name="StonePillarA2" parent="Cliffs" instance=ExtResource( 26 )]
transform = Transform( 1, 0, 0, 0, 1, 0, 0, 0, 1, -21.4242, 0.0222492, 0.123425 )

[node name="StonePillarA3" parent="Cliffs" instance=ExtResource( 26 )]
transform = Transform( 1, 0, 0, 0, 1, 0, 0, 0, 1, -11.436, 0.0222492, 2.58092 )

[node name="StonePillarA4" parent="Cliffs" instance=ExtResource( 26 )]
transform = Transform( 1, 0, 0, 0, 1, 0, 0, 0, 1, -17.7157, 0.0222492, 11.2671 )

[node name="StonePillarA5" parent="Cliffs" instance=ExtResource( 26 )]
transform = Transform( 1, 0, 0, 0, 1, 0, 0, 0, 1, 6.91155, 0.0222492, 18.6552 )

[node name="StonePillarA6" parent="Cliffs" instance=ExtResource( 26 )]
transform = Transform( 1, 0, 0, 0, 1, 0, 0, 0, 1, 32.3102, 0.0222492, -5.90383 )

[node name="StonePillarA7" parent="Cliffs" instance=ExtResource( 26 )]
transform = Transform( 1, 0, 0, 0, 1, 0, 0, 0, 1, -58.6403, 0.0222492, -21.2624 )

[node name="StonePillarB" parent="Cliffs" instance=ExtResource( 27 )]
transform = Transform( 1, 0, 0, 0, 1, 0, 0, 0, 1, -45.8447, 0.0222521, 24.5129 )

[node name="StonePillarB2" parent="Cliffs" instance=ExtResource( 27 )]
transform = Transform( 1, 0, 0, 0, 1, 0, 0, 0, 1, -54.6321, 0.0222521, -80.7192 )

[node name="StonePillarA" parent="Cliffs/StonePillarB2" instance=ExtResource( 26 )]
transform = Transform( 1, 0, 0, 0, 1, 0, 0, 0, 1, 17.5283, -2.87779e-06, -2.85461 )

[node name="StonePillarB5" parent="Cliffs" instance=ExtResource( 27 )]
transform = Transform( 1, 0, 0, 0, 1, 0, 0, 0, 1, 7.89888, 0.0222521, -59.0353 )

[node name="StonePillarB6" parent="Cliffs" instance=ExtResource( 27 )]
transform = Transform( 1, 0, 0, 0, 1, 0, 0, 0, 1, 17.9984, 0.0222521, -66.8772 )

[node name="StonePillarB7" parent="Cliffs" instance=ExtResource( 27 )]
transform = Transform( 1, 0, 0, 0, 1, 0, 0, 0, 1, 0.405012, 0.0222521, -25.3068 )

[node name="StonePillarB3" parent="Cliffs" instance=ExtResource( 27 )]
transform = Transform( 1, 0, 0, 0, 1, 0, 0, 0, 1, 34.8952, 0.0222521, -64.9714 )

[node name="StonePillarB4" parent="Cliffs" instance=ExtResource( 27 )]
transform = Transform( 1, 0, 0, 0, 1, 0, 0, 0, 1, 66.8649, 0.0222521, -42.7807 )

[node name="Enemies" type="Spatial" parent="."]

[node name="FishPath" parent="Enemies" instance=ExtResource( 25 )]
curve = SubResource( 2 )
can_attack = true

[node name="FishPath2" parent="Enemies" instance=ExtResource( 25 )]
curve = SubResource( 11 )
can_attack = true

[node name="FishPath3" parent="Enemies" instance=ExtResource( 25 )]
curve = SubResource( 4 )
can_attack = true

[node name="FishPath4" parent="Enemies" instance=ExtResource( 25 )]
curve = SubResource( 5 )
can_attack = true

[node name="FishPath5" parent="Enemies" instance=ExtResource( 25 )]
curve = SubResource( 8 )
can_attack = true

[node name="FishPath6" parent="Enemies" instance=ExtResource( 25 )]
curve = SubResource( 9 )
can_attack = true

[node name="FishPath7" parent="Enemies" instance=ExtResource( 25 )]
curve = SubResource( 10 )
can_attack = true

[node name="StaticBody" type="StaticBody" parent="."]
collision_layer = 64
collision_mask = 64

[node name="CollisionPolygon" type="CollisionPolygon" parent="StaticBody"]
transform = Transform( 1, 0, 0, 0, -4.37114e-08, 1, 0, -1, -4.37114e-08, 0, 0, 0 )
depth = 5.0
polygon = PoolVector2Array( -5.0532, 11.9153, 13.447, -3.65195, 23.4867, -17.5271, 26.4197, -26.326, 22.8705, -39.135, 10.5747, -48.6107, 45.9958, -44.2113, 54.1178, -16.5738, 43.2884, -18.6043, 28.0596, -14.3177, 10.5747, 4.06971, -3.18765, 17.9448, -2.2852, 26.4053, 2.00143, 32.6096, -5.44377, 34.1889, -20.5598, 21.2162 )

[node name="CollisionPolygon2" type="CollisionPolygon" parent="StaticBody"]
transform = Transform( 1, 0, 0, 0, -4.37114e-08, 1, 0, -1, -4.37114e-08, 0, 0, 0 )
depth = 5.0
polygon = PoolVector2Array( -20.9825, 21.2805, -31.4556, 21.7407, -38.7522, 19.0045, -41.903, 12.2883, -42.4834, 7.89374, -34.8552, -15.8202, -37.5085, -18.3906, -48.2875, -10.099, -58.3203, 5.40626, -55.3354, 18.5899, -42.1517, 29.6177, -25.8173, 35.5047, -21.3694, 42.3639, -22.8201, 54.6465, -8.40986, 61.9967, 15.3815, 54.0662, 19.0566, 51.7451, 19.4435, 48.2634, 2.90557, 33.5631, -9.47371, 37.1414 )

[node name="CollisionPolygon3" type="CollisionPolygon" parent="StaticBody"]
transform = Transform( 1, 0, 0, 0, -4.37114e-08, 1, 0, -1, -4.37114e-08, 0, 0, 0 )
depth = 5.0
polygon = PoolVector2Array( -9.37699, 62.577, -22.9168, 55.2268, -30.3637, 62.0934, -40.712, 64.4145, -51.7373, 62.3835, -61.9889, 56.1939, -69.8226, 43.6212, -72.8207, 17.3153, -83.2657, 18.3791, -72.6273, 101.262, -20.9825, 97.2969, -24.2708, 83.7571, -39.5514, 86.4651, -56.1861, 84.5308, -61.3119, 79.5017, -61.8922, 71.7647, -57.3466, 67.1225, -48.8359, 65.9619, -38.681, 67.2192, -23.4004, 71.4746, -16.2436, 68.96 )

[node name="CollisionPolygon4" type="CollisionPolygon" parent="StaticBody"]
transform = Transform( 1, 0, 0, 0, -4.37114e-08, 1, 0, -1, -4.37114e-08, 0, 0, 0 )
depth = 5.0
polygon = PoolVector2Array( -23.4004, 83.8538, -12.9554, 77.9543, -4.34791, 69.1535, 4.54968, 65.5751, 14.8013, 67.7995, 35.4978, 79.5985, 45.9428, 81.5327, 57.2583, 78.728, 62.8676, 69.2502, 66.0592, 52.132, 77.7005, 33.2677, 80.4084, 20.695, 81.1047, 74.4278, 45.1842, 89.9539 )

[node name="CollisionPolygon5" type="CollisionPolygon" parent="StaticBody"]
transform = Transform( 1, 0, 0, 0, -4.37114e-08, 1, 0, -1, -4.37114e-08, 0, 0, 0 )
depth = 5.0
polygon = PoolVector2Array( 80.0854, 18.89, 78.0903, 5.99842, 72.5653, -4.89805, 63.357, -13.1855, 54.6091, -16.8688, 55.6834, -22.0868, 81.3132, -7.50706, 84.2291, 20.2713 )

[node name="CollisionPolygon6" type="CollisionPolygon" parent="StaticBody"]
transform = Transform( 1, 0, 0, 0, -4.37114e-08, 1, 0, -1, -4.37114e-08, 0, 0, 0 )
depth = 5.0
polygon = PoolVector2Array( 10.1406, -48.9231, -3.01707, -48.9231, -17.2274, -43.7916, -33.6745, -32.7391, -46.8322, -26.1602, -61.0425, -11.5552, -69.7266, 1.73408, -72.7529, 16.8654, -82.358, 15.4181, -69.0687, -21.1603, -36.1745, -45.1073, 8.82486, -56.2914 )

[node name="Quest" type="Spatial" parent="."]
transform = Transform( 1, 0, 0, 0, 1, 0, 0, 0, 1, -34.1088, 1.81681, -56.1775 )

[node name="Fish" parent="Quest" instance=ExtResource( 28 )]
transform = Transform( 0.851104, 0, -0.524996, 0, 1, 0, 0.524996, 0, 0.851104, 0, 0.24506, 0 )

[node name="FishArea" type="Area" parent="Quest"]
collision_layer = 0
collision_mask = 4

[node name="CollisionShape" type="CollisionShape" parent="Quest/FishArea"]
transform = Transform( 1, 0, 0, 0, 1, 0, 0, 0, 1, 0.028511, 1.90735e-06, 1.94814 )
shape = SubResource( 6 )

[node name="NoDrillingZone" type="Area" parent="Quest"]
transform = Transform( 1, 0, 0, 0, 1, 0, 0, 0, 1, 3.59363, 0, 4.49047 )
collision_layer = 0
collision_mask = 128

[node name="CollisionShape" type="CollisionShape" parent="Quest/NoDrillingZone"]
transform = Transform( 1, 0, 0, 0, 1, 0, 0, 0, 1, 0, -1.18128, 0 )
shape = SubResource( 7 )

[node name="Anemone" parent="Quest" instance=ExtResource( 8 )]
transform = Transform( 1, 0, 0, 0, 1, 0, 0, 0, 1, -17.4492, -1.76852, -26.2166 )
quest = true

[node name="Anemone2" parent="Quest" instance=ExtResource( 8 )]
transform = Transform( 1, 0, 0, 0, 1, 0, 0, 0, 1, -5.07484, -1.76852, -27.7958 )
quest = true

[node name="Anemone3" parent="Quest" instance=ExtResource( 8 )]
transform = Transform( 1, 0, 0, 0, 1, 0, 0, 0, 1, 3.5901, -1.76852, -15.4168 )
quest = true

[node name="FishBuddy" parent="Quest" instance=ExtResource( 29 )]
transform = Transform( 0.9994, 0, -0.0346379, 0, 1, 0, 0.0346379, 0, 0.9994, -1.93204, 0.342589, -0.612774 )

[connection signal="body_entered" from="Quest/FishArea" to="." method="_on_FishArea_body_entered"]
